1.000000000000000000e+00 1.000000000000000000e+00 1.000000000000000000e+00 1.000000000000000000e+00 1.000000000000000000e+00 1.000000000000000000e+00 1.000000000000000000e+00 1.000000000000000000e+00 1.000000000000000000e+00 1.000000000000000000e+00
5.082898332200703750e-01 2.700552475389536689e+00 5.053699109613237539e+00 6.161842367484655393e-04 7.981660536934335193e-01 1.471599454345703998e+05 5.735473823499186983e+04 -2.127250168278337128e+00 2.528515666939867401e+00 3.000000000000000000e+00
2.148374784411500316e-01 5.372759445825813884e+00 8.401251924823860406e+00 3.180687221012177602e-04 5.610283013869292734e-01 1.034364853515624709e+05 6.326867038889296236e+04 -1.005490768178771699e+00 -9.884632366937400327e-01 3.000000000000000000e+00
5.270706959972073502e-01 2.506283094534886402e+00 6.594399712958979087e+00 6.979401929847790656e-04 8.058194417644131136e-01 1.503898285725912719e+05 5.609296651683864184e+04 -2.249073340307271796e+00 3.062558668467280754e+00 3.000000000000000000e+00
6.006506544030973949e-01 1.797121452607554959e+00 2.187844175327039231e+00 2.553354300205098060e-03 8.606946768700692862e-01 1.541894778747559176e+05 5.432743663991193898e+04 -2.403790235282948995e+00 3.782721679484793320e+00 3.000000000000000000e+00
5.442283896219100026e-01 2.377073512897984298e+00 9.385342215313368541e+00 3.553480458005140569e-04 8.204929966520276841e-01 1.496241710510254779e+05 5.627964568566865637e+04 -2.217351057735440722e+00 2.921149837498486335e+00 3.000000000000000000e+00
5.375737146523749121e-01 2.336703549542504366e+00 4.847361736333111182e+00 5.007181054867333204e-04 8.304608196554014166e-01 1.467141741841635085e+05 5.675251631423358776e+04 -2.101173356387878499e+00 2.424081465984097683e+00 3.000000000000000000e+00
6.521669421290967605e-01 1.641418217882718134e+00 5.005669952128875444e+00 1.047155422220717074e-03 8.812228181440999730e-01 1.612768473815919133e+05 5.118796307778694609e+04 -2.759532862244970630e+00 5.619340582689405394e+00 3.000000000000000000e+00
5.178103491526608870e-01 2.506991689999398254e+00 4.395954630876152791e+00 7.176989368923006232e-04 8.126304813652736048e-01 1.475143163146974111e+05 5.699211508782197052e+04 -2.136928364231656996e+00 2.571327351859197030e+00 3.000000000000000000e+00
5.050211482071755853e-01 2.697027301621445439e+00 5.526066161639541008e+00 3.802871133981683372e-04 7.999854137160995471e-01 1.448830012003581214e+05 5.796158581889650668e+04 -2.043946173870694327e+00 2.181352768070615511e+00 3.000000000000000000e+00
6.548569432681241587e-01 1.493885827429378477e+00 4.409911080680044115e+00 1.481905843026531337e-03 8.933439501007356398e-01 1.589330431925457087e+05 5.200731058063484670e+04 -2.626834659655502335e+00 4.906332139022255845e+00 3.000000000000000000e+00
5.835959294933605879e-01 1.706664128810757353e+00 3.012913008627379874e+00 2.229862495307759207e-03 8.764584930195781221e-01 1.539927261759440880e+05 5.403850792795018060e+04 -2.388832653534214145e+00 3.712693805338335373e+00 3.000000000000000000e+00
6.785471145978774210e-01 1.394773251706617589e+00 2.200455824171382524e+00 1.307193799415779130e-03 9.055822860545971187e-01 1.611064559224447585e+05 5.095672215118218446e+04 -2.743831399348703126e+00 5.534945924203263701e+00 3.000000000000000000e+00
3.202293528553092350e-01 4.135023193013950937e+00 1.581962011466633378e+01 2.504655986297266352e-04 6.696259366226829934e-01 1.227115259399413771e+05 6.243017047649755114e+04 -1.414999384447176212e+00 5.051787201196145105e-03 3.000000000000000000e+00
2.014534119861393635e-01 5.284982217461998033e+00 1.232596674191769814e+01 2.539510937312975530e-04 5.701811194112311743e-01 9.565557356770827028e+04 6.166558826859318651e+04 -8.484123209795572107e-01 -1.274474888099517145e+00 3.000000000000000000e+00
6.966946030904351828e-01 1.361599322410943502e+00 1.545126308937015969e+00 1.747539302369563842e-03 9.064523301804433553e-01 1.648942785746257869e+05 4.916919145899228897e+04 -2.976542287261861208e+00 6.864129243831438743e+00 3.000000000000000000e+00
5.815113170009400534e-01 2.008540704254330400e+00 2.364376423360499135e+00 1.321103113197160100e-03 8.568408508517656452e-01 1.516172550659180270e+05 5.510854410875942995e+04 -2.291022265092061527e+00 3.256618945781754704e+00 3.000000000000000000e+00
3.884016703046064278e-01 3.464521006411539705e+00 8.422642603658738736e+00 4.546333898950752329e-04 7.261110851638448160e-01 1.323531768086752272e+05 6.092302648879720800e+04 -1.658319055147506438e+00 7.540074819427480257e-01 3.000000000000000000e+00
5.114533395490356016e-01 2.293712479369806267e+00 3.822666444504954519e+00 1.155036639369570219e-03 8.267516350528076874e-01 1.429730599263510376e+05 5.802788907156688219e+04 -1.971657480255499362e+00 1.892618653172482013e+00 3.000000000000000000e+00
2.948657915531750495e-01 4.335241562096495471e+00 1.089121753699157225e+01 3.989269394061265321e-04 6.544067018093191468e-01 1.176086529134114244e+05 6.274923232723247202e+04 -1.296726233288390873e+00 -3.155076064439290562e-01 3.000000000000000000e+00
7.312584797808784343e-01 1.092264886060467566e+00 1.740846408338887263e+00 2.924826068341434670e-03 9.266508255032672725e-01 1.652032617187500582e+05 4.874198091525336349e+04 -2.990971412531215012e+00 6.951008416342714824e+00 3.000000000000000000e+00
5.260868933542108827e-01 2.436273877605863447e+00 4.786964933328675009e+00 5.897764026746999799e-04 8.184016402909874977e-01 1.478406274312338210e+05 5.686510812494658603e+04 -2.148478270919852218e+00 2.620213819310729164e+00 3.000000000000000000e+00
5.882362812052635004e-01 1.882078479534039062e+00 5.035738353868755901e+00 1.047111000603511907e-03 8.652318010386966796e-01 1.553615203348796349e+05 5.394226730716417660e+04 -2.458477398004542014e+00 4.047912827645208544e+00 3.000000000000000000e+00
6.123325759222078002e-01 1.869737174765569110e+00 2.446184370888104809e+00 7.685456619514505032e-04 8.666276242711267175e-01 1.566754617309570895e+05 5.345972972278483212e+04 -2.521953849638933320e+00 4.363948028158321613e+00 3.000000000000000000e+00
3.035106642852538061e-01 4.238769978996877796e+00 8.739794018583127766e+00 3.735605722761099041e-04 6.656169163056171456e-01 1.183027936604817369e+05 6.262523308431581972e+04 -1.311568401796014305e+00 -2.762357836540116907e-01 3.000000000000000000e+00
5.462741095412961823e-01 2.346890141265832064e+00 3.573661324804208395e+00 6.145067368043066009e-04 8.302093723564564209e-01 1.502990390218099928e+05 5.609511579784364585e+04 -2.244715148021167117e+00 3.042573492948910996e+00 3.000000000000000000e+00
5.306907684390924640e-01 2.433106105643980666e+00 3.499947823498269273e+00 6.931969314613953010e-04 8.188446237581534781e-01 1.486761951293946186e+05 5.656377653035893309e+04 -2.180134327727536014e+00 2.758044482105982631e+00 3.000000000000000000e+00
4.243365590381519836e-01 3.119310885925613785e+00 7.199541208037865125e+00 4.699898773726349146e-04 7.591742617394346970e-01 1.378419795939128671e+05 5.995497440560768155e+04 -1.817201808048105383e+00 1.304701691487642812e+00 3.000000000000000000e+00
5.327585286081909510e-01 2.397507041819645135e+00 6.408607924531589006e+00 6.501277948787332738e-04 8.218901232108043464e-01 1.514521553446452599e+05 5.579880345305425726e+04 -2.293235619021945393e+00 3.261603786775544300e+00 3.000000000000000000e+00
3.797726561497130060e-01 3.399517639783104617e+00 9.268771026462410134e+00 4.468225076478868742e-04 7.350987618641245946e-01 1.305827836608886282e+05 6.101059772984807933e+04 -1.608239181402742135e+00 5.915229775828305669e-01 3.000000000000000000e+00
5.106464092871438876e-01 2.638239327373333776e+00 3.974802144656732761e+00 6.664953836537614506e-04 7.986964110888402635e-01 1.483585325113933650e+05 5.702191488248324458e+04 -2.172841219629031873e+00 2.723724544358017141e+00 3.000000000000000000e+00
4.813234669508190122e-01 2.688319478088602388e+00 7.725062588014362852e+00 4.331388781065604048e-04 8.006322091255337892e-01 1.437008702697754488e+05 5.823322317806515639e+04 -2.001982566975668565e+00 2.011559581917868655e+00 3.000000000000000000e+00
5.692098934229644636e-01 2.217117927877072958e+00 3.946603883398137835e+00 9.980820050007376334e-04 8.355253802941541297e-01 1.537630825500489154e+05 5.481118266520305042e+04 -2.390456105146792964e+00 3.718019498440037651e+00 3.000000000000000000e+00
5.846464506986391862e-01 2.011822334859134642e+00 4.838218208014739119e+00 6.571655441626879195e-04 8.535331002328889749e-01 1.514082495930990262e+05 5.523557058985579351e+04 -2.282993978376393951e+00 3.219190720177947718e+00 3.000000000000000000e+00
5.721344097143317153e-01 2.168694180340696498e+00 2.230367169997153010e+00 8.096255809250377982e-04 8.421194309551661705e-01 1.533350031331380887e+05 5.488255829426921991e+04 -2.370074255189067003e+00 3.621440246767982707e+00 3.000000000000000000e+00
5.967046992086219026e-01 2.039573365910813951e+00 3.463242699166861449e+00 6.500422209815032593e-04 8.501337878054611163e-01 1.568563444925945078e+05 5.358860560116780835e+04 -2.534363746162759501e+00 4.425579292738615500e+00 3.000000000000000000e+00
6.053570157515102412e-01 1.798774441488004694e+00 1.877527655785709237e+00 1.667327495195126356e-03 8.703925001679846396e-01 1.547786146443685866e+05 5.405133401913083071e+04 -2.429632787491229795e+00 3.907789347182386130e+00 3.000000000000000000e+00
6.538584332520780418e-01 1.542276012516236250e+00 2.776463954550927316e+00 1.215693054512890624e-03 8.929468741726602765e-01 1.603393966064453998e+05 5.151571687198505242e+04 -2.704916151449136663e+00 5.321700420408278731e+00 3.000000000000000000e+00
5.749910328922409608e-01 2.037641837144180013e+00 6.608824904327272876e+00 6.910221309605577315e-04 8.485893386003962036e-01 1.516161311747233849e+05 5.529142458684583835e+04 -2.293340920925810433e+00 3.265175046007184001e+00 3.000000000000000000e+00
5.244500655291323143e-01 2.584016129362051828e+00 9.415025600157866492e+00 3.187681882642480848e-04 8.042211118952805604e-01 1.467851768798828998e+05 5.723479974835962639e+04 -2.110315015919035364e+00 2.458564111465237012e+00 3.000000000000000000e+00
6.843789536431310605e-01 1.294154896742270022e+00 3.183138726215819059e+00 2.154900244213938526e-03 9.072355757758912009e-01 1.628672727152507578e+05 5.013652047895060969e+04 -2.846882500155438755e+00 6.109297120748765408e+00 3.000000000000000000e+00
6.625114778270304594e-01 1.431789697020710683e+00 2.666458997420705579e+00 1.901572484449473620e-03 9.028680036281512278e-01 1.630602395935059467e+05 5.026235770650176710e+04 -2.863044332840853912e+00 6.199887815903778687e+00 3.000000000000000000e+00
4.585698675504142896e-01 2.799113269475456800e+00 6.660213269650312462e+00 6.349330122362146058e-04 7.882057019899361139e-01 1.380375114949545241e+05 5.928612771175989474e+04 -1.815983668658459615e+00 1.304567010358221424e+00 3.000000000000000000e+00
6.331905557306939381e-01 1.727567632270094800e+00 3.029228458757238673e+00 8.593973914998800662e-04 8.760452585803232273e-01 1.557654217020671931e+05 5.354887169621899375e+04 -2.474002449900276179e+00 4.127067662808241444e+00 3.000000000000000000e+00
5.201714404366929445e-01 2.492820753813099088e+00 4.178041134397713741e+00 7.256950094216202190e-04 8.163875276628774769e-01 1.468831262105306669e+05 5.710572598446472693e+04 -2.112373900638988111e+00 2.467512882069034852e+00 3.000000000000000000e+00
3.344049703848475663e-01 3.998077269183169413e+00 1.217489952491207816e+01 3.069727930850250355e-04 6.827337585989579072e-01 1.257092764180500672e+05 6.218212912494522607e+04 -1.488398323072731788e+00 2.176377560524231924e-01 3.000000000000000000e+00
3.678474204013134075e-01 3.655984389234494092e+00 1.059282994909031217e+01 4.531652763196568822e-04 7.030821486752871774e-01 1.312451440938313317e+05 6.138035451203065168e+04 -1.631022836866971026e+00 6.624272380972633378e-01 3.000000000000000000e+00
4.892876473408652727e-01 2.787068514557244914e+00 4.726489761659950162e+00 5.700217612680960697e-04 7.900139081574694133e-01 1.440685353190104943e+05 5.821006412729643489e+04 -2.015954769473019326e+00 2.067856370093611673e+00 3.000000000000000000e+00
4.868637397410011114e-01 2.882735583954735503e+00 4.885270939466918705e+00 5.856375374158228524e-04 7.835911144299350095e-01 1.464521165262858849e+05 5.784319279387900315e+04 -2.104825121364310547e+00 2.431749010610963602e+00 3.000000000000000000e+00
5.449710311136848340e-01 2.177632422292822056e+00 5.087257784348238943e+00 1.097582512565939286e-03 8.328987120859939752e-01 1.510751189168294950e+05 5.566902448872490640e+04 -2.273707738454365579e+00 3.174115152952005303e+00 3.000000000000000000e+00
7.010467533084954184e-01 1.264397242134512656e+00 3.546158468593810564e+00 1.168739908242744270e-03 9.130513354067288923e-01 1.611282060038249765e+05 5.075089217075665510e+04 -2.741174867644188495e+00 5.521366204882584228e+00 3.000000000000000000e+00
6.226569992853938640e-01 1.627983686238661409e+00 2.214126840981079702e+00 1.870643471847961486e-03 8.830575968481236826e-01 1.574760079854330106e+05 5.287051892562038120e+04 -2.556588804882418575e+00 4.540608018282023650e+00 3.000000000000000000e+00
5.958640496301701450e-01 2.156622701722221258e+00 3.224234999331471396e+00 5.722094343141753995e-04 8.414714593177559099e-01 1.559483322347006469e+05 5.396021764469081972e+04 -2.490936987151471715e+00 4.208340849743725798e+00 3.000000000000000000e+00
2.819847180620417282e-01 4.412961299050839337e+00 9.050984194079777723e+00 3.614015344622780552e-04 6.492847329451324478e-01 1.142353511759439716e+05 6.266946236643912562e+04 -1.220949751264137850e+00 -5.046953809164924643e-01 3.000000000000000000e+00
5.015583215294862063e-01 2.493286216961612123e+00 3.453293476288727071e+00 1.080433091991796343e-03 8.073033420108204350e-01 1.447492971089682251e+05 5.761985989277042245e+04 -2.034251272944733291e+00 2.144251815737337807e+00 3.000000000000000000e+00
5.184119124882167196e-01 2.425634574596963411e+00 3.477014442140490491e+00 9.735101267455515761e-04 8.172558387036086280e-01 1.489637646891276818e+05 5.653708346914518916e+04 -2.191910947437149648e+00 2.808448629531314467e+00 3.000000000000000000e+00
5.305321872614034984e-01 2.382439030238954647e+00 4.079039280239633136e+00 7.864355790223383647e-04 8.213439836925245929e-01 1.483671898295084538e+05 5.657165236167467083e+04 -2.166990375026911497e+00 2.701529778554347949e+00 3.000000000000000000e+00
6.832512933618680728e-01 1.439346933206562262e+00 3.633469063783861142e+00 9.079936517996886093e-04 8.994227156111226362e-01 1.618129037475586811e+05 5.065252208015519864e+04 -2.784989158338283755e+00 5.762385788541147136e+00 3.000000000000000000e+00
5.785599863151058564e-01 2.159221564491406564e+00 3.593067918571613450e+00 5.875122988049528896e-04 8.433605578635565703e-01 1.521502426045736938e+05 5.528977299805796065e+04 -2.318856832102722532e+00 3.382054947121051924e+00 3.000000000000000000e+00
5.837553534518582499e-01 1.880962791863331596e+00 3.956264995399019657e+00 9.338810020113663462e-04 8.650401387687560728e-01 1.541258165690105234e+05 5.429101572884657071e+04 -2.400008297619229847e+00 3.765073700051172700e+00 3.000000000000000000e+00
3.071715340522301330e-01 4.361209801914621487e+00 1.083867938560171140e+01 2.763872047079853804e-04 6.499929401865551792e-01 1.207467240804035973e+05 6.275463862850121950e+04 -1.370492591080484823e+00 -1.194963172138461260e-01 3.000000000000000000e+00
6.460309550183812588e-01 1.520858818981641214e+00 2.245916058635035295e+00 1.989055601784835495e-03 8.982186278497867882e-01 1.582703594462077599e+05 5.227102055472621578e+04 -2.592157388177631194e+00 4.725611013368713031e+00 3.000000000000000000e+00
6.522976611867261632e-01 1.724331127829665133e+00 4.234720267295635665e+00 1.018390009091460968e-03 8.718817237998814917e-01 1.617274317728679453e+05 5.104297934270862606e+04 -2.786927249482062940e+00 5.771032664390549627e+00 3.000000000000000000e+00
2.462852528862483625e-01 4.750284779101462185e+00 1.039781102775306643e+01 3.055518434254348424e-04 6.230702788304871564e-01 1.073782951151529414e+05 6.274584469141748559e+04 -1.078155039443639884e+00 -8.338011419127688839e-01 3.000000000000000000e+00
6.029501060677113777e-01 2.049673169062212530e+00 2.459990443785620595e+00 6.081423022396144048e-04 8.520799876564926212e-01 1.560275973714193969e+05 5.370199302028517559e+04 -2.491102452184852378e+00 4.211083713881427215e+00 3.000000000000000000e+00
5.145563255923998325e-01 2.291551016563510679e+00 3.122377796045884946e+00 1.564447145311920109e-03 8.235776162916167431e-01 1.449365155843100511e+05 5.725980853475560434e+04 -2.036689375109860478e+00 2.156010900553615883e+00 3.000000000000000000e+00
3.461899661000021333e-01 3.337477521682793213e+00 1.116508958167630716e+01 6.138116767511653292e-04 7.148347076564580682e-01 1.274529637349446130e+05 6.133864089090896596e+04 -1.524844393304668477e+00 3.294840354075869726e-01 3.000000000000000000e+00
7.317369888559186464e-01 1.138059474857171738e+00 1.589216968868745417e+00 2.266089891122102969e-03 9.220878657330242589e-01 1.644820024108887592e+05 4.911919644618222810e+04 -2.943878242868389616e+00 6.672358776682196790e+00 3.000000000000000000e+00
5.960132567712637108e-01 2.022273734543974300e+00 2.295470704055766475e+00 1.414338125399519121e-03 8.507503392821514909e-01 1.556058346761068969e+05 5.394444427126162918e+04 -2.472159127247400612e+00 4.116099099262329197e+00 3.000000000000000000e+00
4.255226399707216500e-01 3.056014085981819228e+00 5.122406499206033637e+00 6.654585504867552032e-04 7.661552592769651504e-01 1.373640377807617770e+05 5.989054162722406909e+04 -1.800846394301216291e+00 1.246622097835063059e+00 3.000000000000000000e+00
5.879400085274479881e-01 2.047627893440842062e+00 4.351343493695712716e+00 7.281737020790334013e-04 8.531168578378010015e-01 1.545710960286459303e+05 5.439054430304374546e+04 -2.424721952803890801e+00 3.883068994338057855e+00 3.000000000000000000e+00
5.588048297638276152e-01 2.244546468733243483e+00 4.949727930594564285e+00 5.038381274181845610e-04 8.362564271297935337e-01 1.511401904195150710e+05 5.564853334003235796e+04 -2.276709086909672219e+00 3.188406264924680045e+00 3.000000000000000000e+00
5.071587878162290286e-01 2.407418817975230052e+00 6.820663931503938571e+00 9.237808104050372615e-04 8.081743825396344727e-01 1.480526440734864445e+05 5.680592923654987680e+04 -2.156476263540974436e+00 2.654293469854340337e+00 3.000000000000000000e+00
4.801910188551455350e-01 2.769287919822594812e+00 7.946500528548793518e+00 4.337969509605462759e-04 7.892518499139535848e-01 1.456184725545248366e+05 5.781626575442736066e+04 -2.070897810846553444e+00 2.291738120632684783e+00 3.000000000000000000e+00
4.667145869947301184e-01 2.681436807720558591e+00 5.762987587934826905e+00 6.151835111574125619e-04 8.038553944635965509e-01 1.417003746846517606e+05 5.861905015038696001e+04 -1.933099911685834060e+00 1.741107565151370551e+00 3.000000000000000000e+00
5.461005711565307674e-01 2.134643278820748336e+00 3.420370903902040460e+00 7.750014169821855311e-04 8.429951203941543625e-01 1.502543033142090135e+05 5.590610030011174240e+04 -2.239641115174132224e+00 3.020552430378552700e+00 3.000000000000000000e+00
7.121462075167049877e-01 1.003907472710703797e+00 1.120259141184066332e+00 5.018622257421110830e-03 9.386398128311413958e-01 1.625418923441570078e+05 4.985440708098107280e+04 -2.817774751728460814e+00 5.945655604431431485e+00 3.000000000000000000e+00
5.255260258103970905e-01 2.372396489599552627e+00 4.843935892378338437e+00 6.471163720698976671e-04 8.202222308521275318e-01 1.504933605957032414e+05 5.602690044687568297e+04 -2.252494879081353041e+00 3.077483361269704787e+00 3.000000000000000000e+00
7.027020240345569491e-01 1.353583941927247958e+00 1.639499964023457768e+00 2.157715601003385233e-03 9.051783082291537941e-01 1.639164415079753671e+05 4.969949645722164132e+04 -2.913892062692319485e+00 6.495111156182611367e+00 3.000000000000000000e+00
4.826360666793123588e-01 2.733387134936962060e+00 3.445816160652044324e+00 1.171312144536251114e-03 7.926021219820825747e-01 1.443533691711426945e+05 5.817531754114537762e+04 -2.026252845277919601e+00 2.108889089027289110e+00 3.000000000000000000e+00
5.543126990914731822e-01 2.167676263764314548e+00 3.006592763867194318e+00 1.643086717209325115e-03 8.393078341361481787e-01 1.514085128173828998e+05 5.555503227012359275e+04 -2.287543567339974881e+00 3.237273100476655507e+00 3.000000000000000000e+00
6.027236082640493597e-01 1.763383649817711119e+00 2.592398181497839182e+00 1.372327142543623615e-03 8.769941361216456732e-01 1.554349394429525710e+05 5.379141299790055928e+04 -2.459750666054512980e+00 4.054650835287541000e+00 3.000000000000000000e+00
4.998466551787121848e-01 2.817792624456473494e+00 2.662018856187827964e+00 6.258783492625614314e-04 7.891584373818784082e-01 1.446356968790691171e+05 5.813249707501433295e+04 -2.036906877742350019e+00 2.152612885279214794e+00 3.000000000000000000e+00
6.630029105533223888e-01 1.514059565427619214e+00 2.671600591752191001e+00 1.128917329925782989e-03 8.956652641302006446e-01 1.611884279988607741e+05 5.102676808370017534e+04 -2.750420185867585410e+00 5.570066612844057019e+00 3.000000000000000000e+00
5.808001601727188490e-01 2.145306179909923561e+00 3.636664686494221144e+00 7.310989164690710014e-04 8.435991279501129370e-01 1.532510197143555561e+05 5.476372272927650192e+04 -2.364463119524432333e+00 3.596812138683525006e+00 3.000000000000000000e+00
5.417021605528475892e-01 2.224092403775535853e+00 4.753545706562405826e+00 7.813613491350184783e-04 8.334447956286010761e-01 1.504983694763184176e+05 5.572393699541685783e+04 -2.248478239329970041e+00 3.061871046531379648e+00 3.000000000000000000e+00
5.613996077785587957e-01 2.096659035921974112e+00 3.303983839421501756e+00 7.192245075248521928e-04 8.567826189068454834e-01 1.484514862874349928e+05 5.624714955351101526e+04 -2.165815338535338697e+00 2.697974264683138834e+00 3.000000000000000000e+00
5.717283134469856032e-01 1.922925977475353321e+00 6.493156713486307297e+00 7.468078067641072820e-04 8.579164431624447529e-01 1.500423089599610248e+05 5.558434266007038241e+04 -2.225120459336959566e+00 2.957717767808405007e+00 3.000000000000000000e+00
3.712523238434045081e-01 3.613716158711819837e+00 6.451949637938712456e+00 4.077266448056679721e-04 7.213491120645545429e-01 1.293327139078775508e+05 6.141387890972704918e+04 -1.577705454721781919e+00 4.933000237457112469e-01 3.000000000000000000e+00
4.094771875396014948e-01 3.173287408872879745e+00 7.252273266406817243e+00 5.206911940980245377e-04 7.591228811086148109e-01 1.333227703959148494e+05 6.048338212357078010e+04 -1.681946294382749452e+00 8.341285759769156982e-01 3.000000000000000000e+00
5.628225466000542632e-01 2.139167878276316603e+00 3.383985446482355552e+00 7.057876266116315436e-04 8.470613315437703905e-01 1.503401215311687265e+05 5.572704965481407271e+04 -2.241420581779085541e+00 3.030670809857078929e+00 3.000000000000000000e+00
4.960175691421262467e-01 2.285114117570227865e+00 3.341723282932257622e+00 1.677262565134383628e-03 8.229394945294347119e-01 1.422703107706706505e+05 5.789012271500706265e+04 -1.944824744624584545e+00 1.790884664290244288e+00 3.000000000000000000e+00
4.112345232072100454e-01 3.211403899349669189e+00 8.485247636963425322e+00 5.665096762937306320e-04 7.447662067638728400e-01 1.367308785400391789e+05 6.001595194445262314e+04 -1.782158423056248608e+00 1.180285203058414112e+00 3.000000000000000000e+00
5.209267975842124532e-01 2.279097007406210906e+00 4.956350836022326511e+00 9.593516577860888329e-04 8.289208179347310468e-01 1.484047824401856342e+05 5.659948550580356823e+04 -2.168360755367564785e+00 2.705864787720611453e+00 3.000000000000000000e+00
4.766568987499326671e-01 2.755631812259258240e+00 4.790755671624253864e+00 6.109230306781120471e-04 7.899395194680935983e-01 1.403210036824544368e+05 5.884339545240925509e+04 -1.887930760805733854e+00 1.570711610103159295e+00 3.000000000000000000e+00
4.280800432968408509e-01 3.090416324333824960e+00 6.667151039828750569e+00 4.653323694455934172e-04 7.686828770172366987e-01 1.374530648295085412e+05 5.990378988460019173e+04 -1.803869173864166564e+00 1.257261160113849918e+00 3.000000000000000000e+00
4.210858168006277324e-01 3.143446399286847548e+00 5.593151208787341844e+00 6.527060693017678510e-04 7.528148022195816358e-01 1.365636647033691988e+05 6.008314896365305322e+04 -1.777324644880033500e+00 1.162397984186609889e+00 3.000000000000000000e+00
5.613923635680136970e-01 2.329400072527649801e+00 3.919898759034523561e+00 5.585296562696723862e-04 8.270266693590426765e-01 1.528030887654623948e+05 5.525726387890481419e+04 -2.349872473400862916e+00 3.525330382234623805e+00 3.000000000000000000e+00
4.057227531875576276e-01 3.246902158400369665e+00 7.484062663258068682e+00 5.444437045347249714e-04 7.434147584855381741e-01 1.361534802652996150e+05 6.020935154835872527e+04 -1.765858215239145101e+00 1.121770751792126930e+00 3.000000000000000000e+00
6.003188142145752249e-01 1.949157383030655666e+00 3.303353240865801510e+00 8.527684606594950921e-04 8.581191193811956719e-01 1.568631243489584594e+05 5.330451222318037617e+04 -2.530040497667295440e+00 4.405926686832799533e+00 3.000000000000000000e+00
3.989010420368938048e-01 3.520235795996569550e+00 9.087595536989097056e+00 4.451790659642765498e-04 7.258114605003056496e-01 1.336027794901531015e+05 6.091249457248688122e+04 -1.695339485016502890e+00 8.769734551319556815e-01 3.000000000000000000e+00
6.572123182142212139e-01 1.561028626077620274e+00 2.591634140815998855e+00 1.259510397403240884e-03 8.912271655009257332e-01 1.620518445231120859e+05 5.073358108476439520e+04 -2.802528554283504114e+00 5.858357636686935876e+00 3.000000000000000000e+00
5.028270475123953753e-01 2.527541435027675476e+00 7.287594910265771553e+00 5.953022168509078090e-04 8.110903541826568475e-01 1.464695414428711520e+05 5.736385498297250160e+04 -2.098708986821804512e+00 2.408451943523109762e+00 3.000000000000000000e+00
5.802936531771413220e-01 1.862823750297007530e+00 3.106842544555915797e+00 1.602995887022415659e-03 8.680270910140280849e-01 1.535113888753256469e+05 5.461112681663926924e+04 -2.373904104598079101e+00 3.639403402510310137e+00 3.000000000000000000e+00
3.420935639641513593e-01 3.926833811983249767e+00 8.338678097419153445e+00 3.398931958874216465e-04 6.956162331179192027e-01 1.245570905049641442e+05 6.208953784921931947e+04 -1.457945654434453564e+00 1.293560181995894176e-01 3.000000000000000000e+00
4.312790304748102543e-01 3.201021671569376448e+00 6.246640787410947304e+00 3.924453452251037131e-04 7.543254920724929979e-01 1.370865399068197294e+05 5.997413883807407547e+04 -1.793237233452503077e+00 1.219912353591822374e+00 3.000000000000000000e+00
6.639396914712523134e-01 1.469518070412981769e+00 2.085965535506974167e+00 2.172388194075277473e-03 8.975402367788170022e-01 1.597268029581706796e+05 5.166177444353037572e+04 -2.669239149603817030e+00 5.131215201516734936e+00 3.000000000000000000e+00
5.170623057762955277e-01 2.454154954482671958e+00 3.927647199587477544e+00 5.127559974934112674e-04 8.244107639855767777e-01 1.461726837056478835e+05 5.729904817574457411e+04 -2.085979217917507622e+00 2.356476222520926811e+00 3.000000000000000000e+00
6.001396400347746019e-01 1.897015722902968937e+00 7.249269547227979338e+00 6.295257408017869124e-04 8.615163286189607694e-01 1.536026105041505070e+05 5.428761791007454303e+04 -2.374297528326478002e+00 3.645349084448496590e+00 3.000000000000000000e+00
7.582795307964794729e-01 8.601721806002201598e-01 5.840112296842504547e-01 9.691128133624880500e-03 9.469292036225239739e-01 1.661532063903809758e+05 4.783994818591439980e+04 -3.046793551721246551e+00 7.290256645577859018e+00 3.000000000000000000e+00
6.781087023569569716e-01 1.325619271879927119e+00 3.806984337196856139e+00 1.901655171565051154e-03 9.049931128073172015e-01 1.615309781087240553e+05 5.061197127728128544e+04 -2.765195231940085652e+00 5.653477461024078110e+00 3.000000000000000000e+00
5.531233889159175021e-01 2.279723795230013117e+00 2.944239244079652984e+00 6.704145044901514043e-04 8.386891039939942116e-01 1.508416894632976328e+05 5.595258132675904926e+04 -2.267320956160705947e+00 3.144153927429137241e+00 3.000000000000000000e+00
5.544217335687010584e-01 2.174990055474109951e+00 5.891734951606958148e+00 8.290165789312256778e-04 8.351150809145074794e-01 1.520157032368978544e+05 5.525272829828154499e+04 -2.311847166859846592e+00 3.350115235037497641e+00 3.000000000000000000e+00
5.850735511843730974e-01 1.897308014940584098e+00 3.512007517721795313e+00 1.033204909871606033e-03 8.622616217227374591e-01 1.544993343709310575e+05 5.421975227340502170e+04 -2.418052915759092869e+00 3.851628939822685282e+00 3.000000000000000000e+00
5.376298293242954829e-01 2.461533206446175459e+00 5.809754040842196154e+00 3.772519453187497623e-04 8.167939746760132236e-01 1.470817360026042734e+05 5.708121471444442432e+04 -2.120226441047298405e+00 2.500558608984263742e+00 3.000000000000000000e+00
5.085549086077569836e-01 2.285148546686148308e+00 3.339229159155546967e+00 1.287201335733477881e-03 8.267032357485570859e-01 1.453947737731934176e+05 5.730007118491179426e+04 -2.054504075026633014e+00 2.226497000766804568e+00 3.000000000000000000e+00
4.081210016536999663e-01 3.233469313439080839e+00 6.038179390143023184e+00 6.098033293790049896e-04 7.482035550894202691e-01 1.356111996459961811e+05 6.034230584140346036e+04 -1.750261538410474493e+00 1.066728292622891594e+00 3.000000000000000000e+00
6.491693334345052246e-01 1.727079872989783160e+00 3.151552799921672143e+00 7.777848423338036251e-04 8.759048562919137249e-01 1.616276371561687265e+05 5.121998702521226369e+04 -2.783415165617121989e+00 5.750012343829002504e+00 3.000000000000000000e+00
6.454124334447364220e-01 1.522232510737877575e+00 3.401951282162777090e+00 1.340480526527976397e-03 8.925029999123392788e-01 1.577971116333008977e+05 5.251584093633507291e+04 -2.568882878973499650e+00 4.605157680386542829e+00 3.000000000000000000e+00
6.193920594570758720e-01 1.939933606373092978e+00 4.952922375268144606e+00 7.290179891998246897e-04 8.562930224924028000e-01 1.577743425903320895e+05 5.307870736297391704e+04 -2.577796384508974636e+00 4.648219426866996962e+00 3.000000000000000000e+00
4.344168700326857535e-01 3.161839281326525697e+00 6.726497228357981584e+00 6.381599285704790941e-04 7.528741412084636320e-01 1.372079721069336520e+05 6.001922182975849864e+04 -1.797493202364863984e+00 1.234379339050903468e+00 3.000000000000000000e+00
5.215207518515606600e-01 2.304365412984238581e+00 4.502047480434200111e+00 9.184601823088999221e-04 8.202901337738528476e-01 1.466172822977702890e+05 5.711551284798736742e+04 -2.101448402339906263e+00 2.421510251351282506e+00 3.000000000000000000e+00
3.917535275404601114e-01 3.317299909012497050e+00 9.293603448470626915e+00 5.235367911813207722e-04 7.299454929148372351e-01 1.331299544067383395e+05 6.073425744521277375e+04 -1.678943555393740628e+00 8.226922400499199206e-01 3.000000000000000000e+00
3.912039997873195118e-01 3.431254287052546648e+00 7.375246857586636118e+00 5.107061827200465439e-04 7.353177665602834701e-01 1.327029095357260376e+05 6.083893924500302091e+04 -1.667654008406268318e+00 7.851417000412617142e-01 3.000000000000000000e+00
5.643634701237130180e-01 2.156243815812952658e+00 3.498626111106444281e+00 1.416210327704199275e-03 8.380177579319117998e-01 1.520017298482260085e+05 5.533613278943544719e+04 -2.312381980390433522e+00 3.351912546354819611e+00 3.000000000000000000e+00
6.011545453570502628e-01 1.767693595685158048e+00 3.931589811759093056e+00 9.794646364004464326e-04 8.720584511992024446e-01 1.558877071024577308e+05 5.354256040498570655e+04 -2.479774638788812435e+00 4.153720632665254264e+00 3.000000000000000000e+00
5.764728354665784593e-01 1.964286473803002364e+00 3.172877780446643481e+00 1.124846281561296506e-03 8.595810874966507420e-01 1.545079206339519296e+05 5.436640849552738655e+04 -2.420790355682486794e+00 3.863710470934807795e+00 3.000000000000000000e+00
4.889635779617756417e-01 2.537144732576444461e+00 5.697731456382578052e+00 7.961044050250500178e-04 8.071199508502925335e-01 1.447237904052735539e+05 5.772543493347191543e+04 -2.034438444064447182e+00 2.143939252188419076e+00 3.000000000000000000e+00
4.675891501459630284e-01 2.806667565167254352e+00 5.672862071314229482e+00 8.801132138688840499e-04 7.772031192896344809e-01 1.400837627461751981e+05 5.899412498855110607e+04 -1.881549902752188697e+00 1.546047077882652054e+00 3.000000000000000000e+00
5.158399364683042831e-01 2.492697998230283929e+00 4.816431162499161367e+00 5.109866006946118394e-04 8.144829378487847826e-01 1.476544157307943969e+05 5.701374425935164618e+04 -2.142650198376869319e+00 2.594467387967259953e+00 3.000000000000000000e+00
4.376392698444632745e-01 2.912012391202648320e+00 6.216930132606274029e+00 8.110951908046918832e-04 7.729833671625154778e-01 1.374838226318360539e+05 5.963308068871217256e+04 -1.801585488508109290e+00 1.250415014390993562e+00 3.000000000000000000e+00
4.454948675485513876e-01 3.105512016829063082e+00 7.692772903356993375e+00 5.817798146053184630e-04 7.577474304815525752e-01 1.382412972412110248e+05 5.976405160653249914e+04 -1.828269458377718371e+00 1.345932306422805702e+00 3.000000000000000000e+00
4.877335990566956103e-01 2.783423111235147296e+00 4.285649212300596034e+00 4.443870474558609903e-04 7.936544232034470348e-01 1.427653135477703181e+05 5.839741393507036264e+04 -1.969815434254977848e+00 1.885609125595584246e+00 3.000000000000000000e+00
5.679845892340371627e-01 1.964845473884761162e+00 3.327530913910214494e+00 1.366641864377584736e-03 8.572346483926823746e-01 1.516669777730306669e+05 5.515274021798762988e+04 -2.293415450725758920e+00 3.265828521804438722e+00 3.000000000000000000e+00
4.883628745466014331e-01 2.654709298947107499e+00 4.627414127546742861e+00 7.020559864579197298e-04 8.042705207002524004e-01 1.458705864461264282e+05 5.764699217765263893e+04 -2.078489168290664324e+00 2.323473492458918876e+00 3.000000000000000000e+00
6.466557028179941158e-01 1.546724984174812079e+00 1.526729961841672090e+00 2.163661733942582807e-03 8.918506533244088264e-01 1.555127212422689772e+05 5.325253370082466427e+04 -2.455751579167914755e+00 4.040191325618152973e+00 3.000000000000000000e+00
3.932585565434312258e-01 3.338589622110531785e+00 5.451717963684291846e+00 3.946640440405590426e-04 7.440547849210962239e-01 1.274113436177571421e+05 6.105693526705147087e+04 -1.521880642323498067e+00 3.239877129229982167e-01 3.000000000000000000e+00
5.075369821937898429e-01 2.717773311118069746e+00 4.078438516066765551e+00 4.763117451239124280e-04 7.977609902096954864e-01 1.457283486633301654e+05 5.769610806367846817e+04 -2.073930606568420210e+00 2.305438204400140023e+00 3.000000000000000000e+00
5.149677027006721586e-01 2.628779616124921059e+00 5.553222042721213114e+00 5.969288523316656830e-04 8.031015831157227725e-01 1.481712295430502563e+05 5.705842478971198580e+04 -2.165336544067746782e+00 2.691291910689917799e+00 3.000000000000000000e+00
5.922427819709095154e-01 1.928490028200696038e+00 5.335759545368885526e+00 7.041988121966327122e-04 8.600868966065440269e-01 1.549023318074545241e+05 5.407157834815655951e+04 -2.436616585441325089e+00 3.941778386322738470e+00 3.000000000000000000e+00
4.798978394452279583e-01 2.717119359986793548e+00 6.000355249749985909e+00 7.829492623151627700e-04 7.872252963210181198e-01 1.416760799763998657e+05 5.852997275693109987e+04 -1.931804792380991120e+00 1.738061175441564465e+00 3.000000000000000000e+00
4.898003331356012291e-01 2.622900067195361284e+00 8.942706757494685021e+00 6.336751049205572618e-04 7.916218729128851050e-01 1.460922918192546349e+05 5.755541482086996257e+04 -2.086044161549659215e+00 2.354896872533114305e+00 3.000000000000000000e+00
2.809210779637060784e-01 4.154420678302516379e+00 8.151257759040296591e+00 4.053918685056136272e-04 6.623309431930409774e-01 1.163516586303710646e+05 6.259961014292441541e+04 -1.266554365168500285e+00 -3.922016811473167941e-01 3.000000000000000000e+00
2.712853870630511088e-01 4.599655058074348268e+00 8.731476897972614282e+00 4.397653842462405675e-04 6.288114246244885797e-01 1.140415468037922692e+05 6.301513356786763325e+04 -1.219728769002656366e+00 -5.097379766020360137e-01 3.000000000000000000e+00
5.695427689086535183e-01 2.241318375229352178e+00 3.716746510895540201e+00 8.016206481569651239e-04 8.353498933167503582e-01 1.526036348470053053e+05 5.519843772645674471e+04 -2.339275313215220198e+00 3.476596300779495330e+00 3.000000000000000000e+00
6.143262001493824398e-01 1.735705079043538879e+00 2.516233552404030682e+00 1.226732037825319175e-03 8.742090691332317087e-01 1.572477656351726328e+05 5.295574128865974490e+04 -2.545298579381479964e+00 4.483631182283864369e+00 3.000000000000000000e+00
4.698605913788588273e-01 2.930451030855663053e+00 5.559830034291280754e+00 5.425816281187067743e-04 7.791695120562577292e-01 1.406242825317383686e+05 5.898899846738405176e+04 -1.900469451864567949e+00 1.617197653712871386e+00 3.000000000000000000e+00
4.900490117298291204e-01 2.643926798564555369e+00 4.282194570313521353e+00 7.669364784817890926e-04 7.995804018808678748e-01 1.466895887349447876e+05 5.749508016393818252e+04 -2.109419962966358586e+00 2.452163911013026443e+00 3.000000000000000000e+00
3.895449679446513769e-01 3.236244585396813367e+00 6.654287684578887863e+00 6.139539500620625314e-04 7.474019266031771691e-01 1.318560576578777109e+05 6.070947098194577848e+04 -1.641164733997637626e+00 6.985440672026399511e-01 3.000000000000000000e+00
2.572080996251371876e-01 4.746376416592034353e+00 7.460125798334421354e+00 3.503722143947814410e-04 6.208630686276435107e-01 1.109002038269042532e+05 6.306994085039629135e+04 -1.153131906283893171e+00 -6.679250486955319310e-01 3.000000000000000000e+00
5.604349119465685813e-01 2.047247529373697361e+00 3.015173110462245010e+00 1.265079772447215466e-03 8.483651465293794436e-01 1.531684857177734957e+05 5.483735895114260347e+04 -2.360868183172859958e+00 3.578041878306310153e+00 3.000000000000000000e+00
2.954663899915850322e-01 4.291912828091977161e+00 1.001560187123062917e+01 3.252306945750380843e-04 6.603654340817127766e-01 1.163553163248697674e+05 6.255434465182064014e+04 -1.266789994597393498e+00 -3.904204647346691814e-01 3.000000000000000000e+00
5.684085935612155360e-01 1.943805093372569903e+00 3.911322133149001790e+00 1.209313167271105225e-03 8.486546115366803145e-01 1.472298129882813082e+05 5.658640807335662248e+04 -2.118836443770961253e+00 2.496142360905764690e+00 3.000000000000000000e+00
5.539086198050821030e-01 2.333802856768173672e+00 3.096729936579180720e+00 6.250345430309678547e-04 8.319988104873176082e-01 1.501223150838217116e+05 5.610366392591724434e+04 -2.237048233925961860e+00 3.008950832938849018e+00 3.000000000000000000e+00
5.358206247719875526e-01 2.426791425344501985e+00 4.851003644438989681e+00 5.284749539232232044e-04 8.227250678145264784e-01 1.483086200561524311e+05 5.669260643404223811e+04 -2.166206524473788697e+00 2.697489673908677332e+00 3.000000000000000000e+00
5.507083865585858939e-01 2.215142425608417565e+00 3.813995721758515867e+00 7.699311961267472871e-04 8.310539914110983695e-01 1.504187956542969623e+05 5.598098965297733230e+04 -2.248358985717016534e+00 3.059184071229394064e+00 3.000000000000000000e+00
6.563401447737986505e-01 1.528125502947481174e+00 3.340991199814554946e+00 1.375357411674384698e-03 8.933149280560391814e-01 1.594019444681803870e+05 5.195392136932077119e+04 -2.654281704823984622e+00 5.049981260284940987e+00 3.000000000000000000e+00
5.054986861442076762e-01 2.631435098629989700e+00 4.273499718913873480e+00 9.722879787326684344e-04 7.987814789226177492e-01 1.464632690938314772e+05 5.747542448978477478e+04 -2.100173390293480935e+00 2.414313406062630563e+00 3.000000000000000000e+00
2.927768384294592852e-01 4.460527094427719774e+00 6.535562453554099704e+00 3.921649115873144446e-04 6.459774053177498310e-01 1.153558891499836609e+05 6.295231023625799571e+04 -1.247866681438703607e+00 -4.404384967182148891e-01 3.000000000000000000e+00
4.499480942144968854e-01 2.815688297602414014e+00 7.454011903901029967e+00 7.254305172814412041e-04 7.795054869353332805e-01 1.401489266255697585e+05 5.914365584824529651e+04 -1.884943706188381585e+00 1.556472796731354968e+00 3.000000000000000000e+00
6.043418548212103891e-01 1.761062707597586874e+00 4.025641413767539589e+00 9.636263268538948403e-04 8.733304480413938142e-01 1.564166034138998366e+05 5.340134690002112620e+04 -2.506515013703847217e+00 4.287140806176449104e+00 3.000000000000000000e+00
6.159220840871407754e-01 1.582268550826863907e+00 2.254421402181547851e+00 2.298273987230742884e-03 8.893193236070471297e-01 1.584105300394694787e+05 5.244663547932109941e+04 -2.603098237452617258e+00 4.779782298793317175e+00 3.000000000000000000e+00
5.651096829572210822e-01 2.106815285059136844e+00 3.357788497804000905e+00 1.040011741197718409e-03 8.419316705073757179e-01 1.527537945658367244e+05 5.501839592067110061e+04 -2.343550236676863019e+00 3.496884813186773577e+00 3.000000000000000000e+00
7.463087975219034886e-01 1.022461245275294583e+00 2.559476076634376707e+00 1.627461056152319742e-03 9.319830546701520779e-01 1.663243400370280142e+05 4.808812097268333309e+04 -3.066310224904489790e+00 7.407038002815450994e+00 3.000000000000000000e+00
4.167765406609918455e-01 3.217404999277916122e+00 8.884325604760407558e+00 5.404615892805448261e-04 7.402744620159572575e-01 1.382613254496257287e+05 5.983572488197044731e+04 -1.829854002748950936e+00 1.351390338955391179e+00 3.000000000000000000e+00
4.232950191920492045e-01 3.386033263257952619e+00 7.706905361164374746e+00 5.660962668722769719e-04 7.363739473111023948e-01 1.380768163859050546e+05 6.018327777009517740e+04 -1.827999717342047026e+00 1.343034089024328637e+00 3.000000000000000000e+00
6.470123658092952201e-01 1.724566763056114560e+00 3.211806001746823291e+00 8.150725594924067416e-04 8.792079621952819668e-01 1.592082860819499183e+05 5.217328779374556325e+04 -2.646986979348891822e+00 5.011784574300641282e+00 3.000000000000000000e+00
5.688004039676683998e-01 1.971227421301470883e+00 3.445897210778692710e+00 1.662806545357537738e-03 8.495192085029985574e-01 1.495216652832032414e+05 5.587264126090880745e+04 -2.206560532214627113e+00 2.875513236293260277e+00 3.000000000000000000e+00
1.992923468446748947e-01 5.518072493669765599e+00 9.046736723817872416e+00 2.973161117452458122e-04 5.499798607628090252e-01 9.908723139444983099e+04 6.289312392953897506e+04 -9.203997216838032402e-01 -1.152186322587519962e+00 3.000000000000000000e+00
6.199426836738676228e-01 1.795427970326141320e+00 3.781160331542714026e+00 8.565341564237404382e-04 8.703433817514794058e-01 1.550432552490235539e+05 5.374767898884102033e+04 -2.439123579664095320e+00 3.956753931369634714e+00 3.000000000000000000e+00
3.775530676046084388e-01 3.488375763911800931e+00 6.765423291443195986e+00 5.786683735571576019e-04 7.203614870303910456e-01 1.337121651916504779e+05 6.087485158531889465e+04 -1.698014656820717727e+00 8.857820908508444724e-01 3.000000000000000000e+00
5.961299257844808741e-01 1.920510926289085818e+00 3.347705756881440564e+00 1.218254393735313445e-03 8.582887457738743731e-01 1.585700592346192570e+05 5.269055809158580087e+04 -2.617488236101715771e+00 4.854160767983174196e+00 3.000000000000000000e+00
5.218204210270994681e-01 2.576009096352740890e+00 5.042885320330269039e+00 7.242180671124990405e-04 8.010721598007729538e-01 1.478478721415202890e+05 5.710412990909184737e+04 -2.152277772577846804e+00 2.635308992353277091e+00 3.000000000000000000e+00
5.687935164349474659e-01 2.029505858508361182e+00 5.060391105437176407e+00 8.395175659706239019e-04 8.485448834420652453e-01 1.525312594502768479e+05 5.507913187804002519e+04 -2.333394906281009540e+00 3.448905667460924640e+00 3.000000000000000000e+00
6.372400486426826882e-01 1.742073840377917904e+00 3.026710733877582271e+00 7.850815136818393341e-04 8.751923144515868502e-01 1.589890222981772386e+05 5.232262985109016154e+04 -2.636120424179354771e+00 4.953430209070706525e+00 3.000000000000000000e+00
6.338083412862232091e-01 1.814516642422795423e+00 2.151199111093127669e+00 1.030408635176704654e-03 8.711206481847614258e-01 1.603716833699544950e+05 5.182079374840889795e+04 -2.712833023450855308e+00 5.362777824671525195e+00 3.000000000000000000e+00
7.285676705091449490e-01 1.121654088246580860e+00 2.441103559308064330e+00 1.818183756779900590e-03 9.263612260536739917e-01 1.656995449930828181e+05 4.845245251367609308e+04 -3.023805324693527918e+00 7.148386378563969856e+00 3.000000000000000000e+00
3.611122881248591820e-01 3.717941817311913866e+00 6.637307587425189226e+00 5.300115358707328155e-04 7.128738802693663779e-01 1.278862205708821421e+05 6.170711972925476584e+04 -1.541246034970353174e+00 3.790479465964562422e-01 3.000000000000000000e+00
5.473440301825046594e-01 2.283423574702849734e+00 4.108905061769124956e+00 6.991869553956461380e-04 8.274969946858427017e-01 1.501935290222169133e+05 5.612474441292086703e+04 -2.240251831299597374e+00 3.022314272290262060e+00 3.000000000000000000e+00
5.331907379471322317e-01 2.371167727969614170e+00 5.013721854640977860e+00 4.354831024533624352e-04 8.274927023694468309e-01 1.488147924702962919e+05 5.654219519134893198e+04 -2.185575190110276012e+00 2.781126376905800335e+00 3.000000000000000000e+00
5.505934515213349867e-01 2.205422694391403482e+00 2.801206873983504764e+00 9.954895386056817654e-04 8.386541502929408809e-01 1.499073809712728835e+05 5.618277393855131231e+04 -2.228071687344193474e+00 2.967768538284706104e+00 3.000000000000000000e+00
6.413337996985900569e-01 1.498793599481549776e+00 2.791741648472443771e+00 1.176681921065297117e-03 9.012308394133258238e-01 1.571153260294597421e+05 5.257392047348667984e+04 -2.531200732030073564e+00 4.414924370383323193e+00 3.000000000000000000e+00
5.893253209047055741e-01 2.073089394241245387e+00 5.413674286244154921e+00 4.829880488952183908e-04 8.505314398276268006e-01 1.526451551310222130e+05 5.502026814583182568e+04 -2.338480532321693506e+00 3.473828200876820205e+00 3.000000000000000000e+00
5.371717080509187392e-01 2.205494734925311118e+00 4.158372247110972530e+00 1.092045867832768359e-03 8.385674882045107692e-01 1.508375602416993061e+05 5.580654394235428481e+04 -2.264623688571448579e+00 3.132155272157703507e+00 3.000000000000000000e+00
5.233043292422873138e-01 2.257437549207636174e+00 5.137340547954504011e+00 1.050921893830827512e-03 8.304646266919226694e-01 1.461913505147299729e+05 5.700683574289261014e+04 -2.082648386158594711e+00 2.344184582668366268e+00 3.000000000000000000e+00
4.553596340496656181e-01 2.973308165767928113e+00 6.752750942055097738e+00 5.825690865854236304e-04 7.686685496497436265e-01 1.405788284505208721e+05 5.909668565643663169e+04 -1.899879347265705620e+00 1.613722661587311258e+00 3.000000000000000000e+00
5.780396096225667302e-01 2.128058644659762688e+00 3.325734368215401471e+00 5.254057972452265976e-04 8.463380729753062770e-01 1.536865458679200092e+05 5.476855270700650726e+04 -2.385888012160591209e+00 3.696591727330199362e+00 3.000000000000000000e+00
6.645903909944063104e-01 1.573280763645150016e+00 3.092719488097167346e+00 1.119326980518341131e-03 8.840635501546056929e-01 1.618941101786296640e+05 5.085407855529151129e+04 -2.794311375957934107e+00 5.812463347335732777e+00 3.000000000000000000e+00
5.413373028077946847e-01 2.221089716742201681e+00 6.551682441046983385e+00 7.653801911839978531e-04 8.314220509160746841e-01 1.487787732747396803e+05 5.628819462917074998e+04 -2.180364397780725216e+00 2.760037560528640910e+00 3.000000000000000000e+00
6.185731578718229873e-01 1.752993037843876278e+00 4.238677564530144437e+00 9.982691006020874037e-04 8.718281018878454303e-01 1.553036584981283522e+05 5.374785961707066599e+04 -2.452653460889330894e+00 4.021789937392703962e+00 3.000000000000000000e+00
3.671062112291451074e-01 3.341540672594661032e+00 5.953451953363384952e+00 7.012948839971410971e-04 7.313705549993839705e-01 1.288376125284830050e+05 6.106369584403156477e+04 -1.560091658913509871e+00 4.399123404064821941e-01 3.000000000000000000e+00
6.378001767481870088e-01 1.519409861006798534e+00 3.063220333340286317e+00 2.133817623740969990e-03 8.886739511469998742e-01 1.585995759582520404e+05 5.216769665704411454e+04 -2.609854837256129212e+00 4.817568811226592196e+00 3.000000000000000000e+00
5.462384323700834043e-01 2.328316296828323750e+00 6.455351306309166759e+00 4.876212429191217608e-04 8.228051289661595380e-01 1.513212282002768188e+05 5.575362429343598342e+04 -2.286648085854654067e+00 3.232511883406117725e+00 3.000000000000000000e+00
6.562587340535731562e-01 1.386108560715767268e+00 2.027788819160308620e+00 2.699214835846571771e-03 9.064967857988555089e-01 1.605049171752930561e+05 5.142519993169355439e+04 -2.713129614333918305e+00 5.364649573753011325e+00 3.000000000000000000e+00
4.784478759230795797e-01 2.855698069252774474e+00 3.984005607513305236e+00 7.068688996519783847e-04 7.827825630685604219e-01 1.420795217793782940e+05 5.873297072740818840e+04 -1.948781305412098375e+00 1.801788194968326984e+00 3.000000000000000000e+00
3.956233653703033482e-01 3.328480205289594096e+00 9.087712722219620787e+00 3.762797374388165885e-04 7.443234442920522165e-01 1.317087716267904325e+05 6.085193190921476344e+04 -1.638594457356669087e+00 6.896967012673225206e-01 3.000000000000000000e+00
4.939142534990746958e-01 2.599487297237922157e+00 6.475381267111751882e+00 5.779591846081503408e-04 8.000617562586601617e-01 1.447854824829102436e+05 5.781743306502755149e+04 -2.038235259616158146e+00 2.159097932329152592e+00 3.000000000000000000e+00
5.702941294710448528e-01 2.290331990850379196e+00 3.338406438902649764e+00 6.785603415014446714e-04 8.306311571223509160e-01 1.552280799051921349e+05 5.445109969057710987e+04 -2.460239046212181702e+00 4.054654190043557982e+00 3.000000000000000000e+00
4.981391699285304120e-01 2.712817584471637566e+00 6.378697229494535215e+00 5.279660110087464791e-04 7.906208072956631971e-01 1.463711522725424438e+05 5.758454337643155304e+04 -2.097931150410252243e+00 2.404404227023273499e+00 3.000000000000000000e+00
4.166063711324204943e-01 3.136039010312572373e+00 4.928931947081499843e+00 7.548241324986873372e-04 7.588505966365817201e-01 1.346182059529622784e+05 6.032592665368165763e+04 -1.719302012182865935e+00 9.605810541329686814e-01 3.000000000000000000e+00
4.970672032183572897e-01 2.652835846419179244e+00 4.591941066723401299e+00 8.569394921331991311e-04 8.023792067678384710e-01 1.469813096211752563e+05 5.738569689274575649e+04 -2.119989858899737900e+00 2.497195024703617428e+00 3.000000000000000000e+00
6.271347624185215075e-01 1.686561500067170982e+00 1.923865509810221308e+00 2.130648524587885461e-03 8.781177910287042421e-01 1.571176200561524311e+05 5.300960294963902561e+04 -2.538899502087537563e+00 4.451180586673938677e+00 3.000000000000000000e+00
6.229845653657678506e-01 1.666528284488772993e+00 3.706928523548556065e+00 1.323689539426859589e-03 8.826120069160566795e-01 1.552839599405925255e+05 5.343842690264504927e+04 -2.446576612627340275e+00 3.994287725563389735e+00 3.000000000000000000e+00
5.655442684780362939e-01 2.151412307624307907e+00 3.683384601388075552e+00 9.091455245181364817e-04 8.405954690454151557e-01 1.505399578653972421e+05 5.576740417050261749e+04 -2.250663745297057705e+00 3.070573438102840669e+00 3.000000000000000000e+00
3.979490083687904356e-01 3.518806459300724221e+00 6.832826022010712208e+00 4.041855133801860122e-04 7.296861751057744927e-01 1.324115049743653508e+05 6.104000232959887217e+04 -1.661332687797381302e+00 7.633115571138802125e-01 3.000000000000000000e+00
6.817377644536969372e-01 1.479196456109117541e+00 2.706365264020288652e+00 1.296104353904054462e-03 8.938691931398150547e-01 1.629513840230306960e+05 5.018714039432515710e+04 -2.854323902789663858e+00 6.152305834175692212e+00 3.000000000000000000e+00
5.251815961554017198e-01 2.526525519513490803e+00 4.016758087153095680e+00 8.879771537032338149e-04 8.143432269015431491e-01 1.483983080546062556e+05 5.686876559598604945e+04 -2.172280242535554073e+00 2.721982886040814620e+00 3.000000000000000000e+00
5.525905528875055817e-01 2.128956444383015345e+00 8.356630798754400402e+00 6.298720806514179066e-04 8.431468494328916430e-01 1.494623984883627272e+05 5.592361449718489166e+04 -2.204967910538305098e+00 2.868894483589924604e+00 3.000000000000000000e+00
4.055519818660446862e-01 3.459115034254361287e+00 4.298839832757458623e+00 3.947594378963808917e-04 7.378249374649323844e-01 1.310789780578612990e+05 6.102972324087296874e+04 -1.622949680281340568e+00 6.392036950080846047e-01 3.000000000000000000e+00
6.279122032707044054e-01 1.835660847715615995e+00 4.832568650834991431e+00 6.997767125510518434e-04 8.629930810233563676e-01 1.581710250752767897e+05 5.277118589188897749e+04 -2.595573513765934148e+00 4.741203934376684082e+00 3.000000000000000000e+00
5.658967146595361708e-01 2.161868861908446071e+00 5.064574641266890609e+00 9.583726283163735175e-04 8.371792338489651986e-01 1.529526585286459303e+05 5.502722426485828328e+04 -2.353461806143586799e+00 3.542989489460241614e+00 3.000000000000000000e+00
6.456569913397919303e-01 1.531601641128884861e+00 4.347942220078141240e+00 1.549325950748018993e-03 8.909229635102809963e-01 1.601896413472494169e+05 5.155912946312998247e+04 -2.696139468861201038e+00 5.274268807451976571e+00 3.000000000000000000e+00
7.181131571192913565e-01 1.296337261305478217e+00 1.754708690820489192e+00 1.732208954735214553e-03 9.089221757500099974e-01 1.670848974812826491e+05 4.786603471877105767e+04 -3.125620953767656029e+00 7.774128633932649635e+00 3.000000000000000000e+00
4.759207901894237369e-01 2.687841476005776276e+00 5.814072375502307821e+00 5.643471862257246020e-04 7.962934323271829706e-01 1.447656654663087393e+05 5.796742167756371782e+04 -2.039334703981812602e+00 2.162435152718194864e+00 3.000000000000000000e+00
4.603250591877982578e-01 2.892745022769951380e+00 4.797824421265888262e+00 4.791071498158077009e-04 7.813417444265313705e-01 1.426643382466635085e+05 5.870557364791982400e+04 -1.969468400678057174e+00 1.881373471212876680e+00 3.000000000000000000e+00
5.013769426742679114e-01 2.523141337356126890e+00 5.752332498529156624e+00 7.486449394863123373e-04 8.128159303402521241e-01 1.436489742126466008e+05 5.789105747146106296e+04 -1.995830306456322978e+00 1.989695512741080918e+00 3.000000000000000000e+00
4.109742152938979376e-01 3.396665810117124096e+00 8.795750156696925615e+00 2.982064282893101288e-04 7.370958362488021498e-01 1.336323690490723529e+05 6.065957281105181028e+04 -1.693463939736477020e+00 8.721685743126594836e-01 3.000000000000000000e+00
7.287791094414363124e-01 1.102335793309334733e+00 2.194926618512678118e+00 2.073797530883298313e-03 9.304245068967388343e-01 1.648976104024252272e+05 4.876759077639117459e+04 -2.967970108132465423e+00 6.815330350140641258e+00 3.000000000000000000e+00
6.433004793718881675e-01 1.587857002071660473e+00 2.482682233528958449e+00 1.792894227421588027e-03 8.856744482505249927e-01 1.595374014587403217e+05 5.196552774598577525e+04 -2.662747200884902465e+00 5.094292489363084542e+00 3.000000000000000000e+00
6.876128064632976988e-01 1.317687973215175612e+00 3.081970197054299199e+00 2.159987524393394524e-03 9.085088032004814407e-01 1.632024587707520404e+05 4.990908920869268331e+04 -2.866071393124417277e+00 6.219258493128510423e+00 3.000000000000000000e+00
6.461319166745838061e-01 1.517355419196602329e+00 3.626344230387625878e+00 1.293262225051855507e-03 8.964562260126608395e-01 1.595728808085125056e+05 5.176036805407085922e+04 -2.661274087185545589e+00 5.087960009610085876e+00 3.000000000000000000e+00
5.124942101868444899e-01 2.594511057509304663e+00 4.666358680855276830e+00 9.396442594398570804e-04 8.005012734168658328e-01 1.467238167928060284e+05 5.747418600103051722e+04 -2.110677382242657441e+00 2.457834038166403445e+00 3.000000000000000000e+00
6.314155052183422212e-01 1.559842497595427702e+00 2.466106378987332093e+00 1.346859142238013198e-03 8.929947126988486694e-01 1.585373963724773203e+05 5.228380083768297482e+04 -2.608231761437116436e+00 4.808492974025882383e+00 3.000000000000000000e+00
5.724256062032995196e-01 1.981305580681487655e+00 3.713360841940035684e+00 1.026961274693466387e-03 8.527821408979588957e-01 1.525330782267253089e+05 5.485483327607565298e+04 -2.330211061777149428e+00 3.435960830685280243e+00 3.000000000000000000e+00
6.033553284056787369e-01 1.921956043492948352e+00 2.343745227741083514e+00 1.778510631519678855e-03 8.576712147667752140e-01 1.572487910868327890e+05 5.314159800212645496e+04 -2.548978829583323780e+00 4.502102105154900613e+00 3.000000000000000000e+00
5.360519797783086515e-01 2.340688384261273569e+00 4.732930898619313709e+00 6.797179257853504372e-04 8.272625943849198915e-01 1.487566467895508686e+05 5.654489944132689561e+04 -2.182880766717434362e+00 2.769005491212039871e+00 3.000000000000000000e+00
6.066230848785471030e-01 1.939219439741260542e+00 4.627692734120674167e+00 8.406806466343640094e-04 8.559578106153269417e-01 1.566066438700359140e+05 5.346204680655682751e+04 -2.518340908262058697e+00 4.346318557404575955e+00 3.000000000000000000e+00
7.590083224094771319e-01 9.424382073949295613e-01 2.579100194474219787e+00 1.646753859921757865e-03 9.373564347987929368e-01 1.685140651652019005e+05 4.683414772556188836e+04 -3.227166562788744475e+00 8.418007504260240026e+00 3.000000000000000000e+00
6.438977434398982513e-01 1.472819401942138562e+00 1.520518305461592723e+00 3.508013200673912313e-03 8.971047326736706351e-01 1.566961236979167734e+05 5.286777026621005643e+04 -2.512754434099950362e+00 4.320906702595250337e+00 3.000000000000000000e+00
7.187396508596356481e-01 1.167970291225818968e+00 3.544925890415385528e+00 1.437252422080502251e-03 9.218344707812451411e-01 1.632369288228353835e+05 4.973223642149689840e+04 -2.865198989782427486e+00 6.216016841689331329e+00 3.000000000000000000e+00
4.866107840365462844e-01 2.697130931015383926e+00 5.513132343102651767e+00 6.144159944016211504e-04 7.966663163834415418e-01 1.431086261800131469e+05 5.833471854079152399e+04 -1.981312461994588325e+00 1.930032565910261511e+00 3.000000000000000000e+00
4.357398105869683125e-01 3.127474021612968613e+00 6.049733390177135739e+00 6.711160917918368570e-04 7.553748033635573345e-01 1.390454128824870568e+05 5.961393001050614839e+04 -1.853461855618603549e+00 1.438596030882687948e+00 3.000000000000000000e+00
3.781803550077308951e-01 3.463411079609419740e+00 8.785461854072863730e+00 3.751108464655046278e-04 7.302195883130879750e-01 1.310614539896646311e+05 6.110307181481317821e+04 -1.622673402480909521e+00 6.368755844469364824e-01 3.000000000000000000e+00
5.016036983025349283e-01 2.495153791696745671e+00 6.670595838951387080e+00 7.406543726246510653e-04 8.019804185201588886e-01 1.440769534098308068e+05 5.801485042783247627e+04 -2.013451415069176242e+00 2.058415157266504814e+00 3.000000000000000000e+00
6.056864464191348274e-01 1.965078721773862114e+00 2.703370367380295569e+00 7.238596644081658369e-04 8.602136807420035503e-01 1.546851838684083195e+05 5.414097607933698600e+04 -2.426909606801886721e+00 3.895764902130288476e+00 3.000000000000000000e+00
3.921091430188308191e-01 3.423012649080722003e+00 8.222667984124283791e+00 5.178475137038802056e-04 7.271286105346183026e-01 1.350377084655762883e+05 6.060305078374654113e+04 -1.735505596730590350e+00 1.014687931813128330e+00 3.000000000000000000e+00
4.583712766964865293e-01 3.013725135150611134e+00 7.538817682613310645e+00 4.883205970048348776e-04 7.678082196876967469e-01 1.402950156250001164e+05 5.920525783763481741e+04 -1.891409811392562368e+00 1.581557435615752460e+00 3.000000000000000000e+00
6.382407814119586131e-01 1.728284467121059542e+00 2.691869866844876391e+00 8.077698231281491481e-04 8.769296297808091278e-01 1.592935821736654616e+05 5.223538550310071150e+04 -2.653020271172250588e+00 5.042334014290601019e+00 3.000000000000000000e+00
7.103722851886047351e-01 1.259050422421611470e+00 1.676086305178090763e+00 1.957386217933113157e-03 9.135308339922570964e-01 1.649718682250977727e+05 4.888973367778939428e+04 -2.976793228784354373e+00 6.867921267140626895e+00 3.000000000000000000e+00
4.626265185728224982e-01 2.859848195906617097e+00 1.040893026092939522e+01 4.552520333749592745e-04 7.768890633075192786e-01 1.424512550964356924e+05 5.864163688749077846e+04 -1.960985480264864078e+00 1.849091073888145864e+00 3.000000000000000000e+00
5.686581404166470843e-01 2.159974129079517358e+00 3.619117962603731087e+00 5.538404180312276855e-04 8.432391627203045248e-01 1.510260235290528508e+05 5.555991260651040648e+04 -2.270199068379907370e+00 3.159868140235736256e+00 3.000000000000000000e+00
6.960667410071147421e-01 1.297911105315077140e+00 1.179839463017375634e+00 2.353582674181050292e-03 9.105567673747207991e-01 1.628900685119630070e+05 5.021391575401508453e+04 -2.850071399101610670e+00 6.126908300896131365e+00 3.000000000000000000e+00
6.320923079221136831e-01 1.708608155626271996e+00 2.478218638827806686e+00 1.220564516631935303e-03 8.796682739141079566e-01 1.575004919840495277e+05 5.288783966880974913e+04 -2.558692694203865692e+00 4.552143681128780095e+00 3.000000000000000000e+00
6.204889605727846869e-01 1.916479562288030403e+00 4.542759686803004016e+00 9.229061669801824240e-04 8.609284990263299520e-01 1.571023191528321477e+05 5.335523792160942685e+04 -2.544298078014773701e+00 4.477096358696411649e+00 3.000000000000000000e+00
4.960451582200146037e-01 2.740667603468020186e+00 7.318149061860826698e+00 3.434023238882817847e-04 7.919603934387718924e-01 1.435271399739584012e+05 5.826726178646694461e+04 -1.996245452985242252e+00 1.989449473844632443e+00 3.000000000000000000e+00
5.050735770528251845e-01 2.344502954586862309e+00 3.511408836050221804e+00 1.222119775833686601e-03 8.128121844712146160e-01 1.436371877644857741e+05 5.792942156229593820e+04 -1.995430293825261492e+00 1.986946506017487124e+00 3.000000000000000000e+00
6.293691070821852973e-01 1.688841851172257158e+00 3.625053397738074334e+00 1.094166375200004678e-03 8.821317723383441667e-01 1.585306982625327073e+05 5.242881237569523364e+04 -2.610494723860168786e+00 4.819530297350803849e+00 3.000000000000000000e+00
3.097323237847756094e-01 4.470831970861103954e+00 8.889812633321385604e+00 3.329254805963670935e-04 6.454391852945011721e-01 1.217481732482909720e+05 6.291641304530076013e+04 -1.396319746762225478e+00 -4.929508840372109901e-02 3.000000000000000000e+00
3.526441660231280362e-01 3.987939120330620035e+00 7.049861622056234012e+00 3.703878741046688714e-04 6.879916242518016034e-01 1.259900542704264226e+05 6.210210539550333488e+04 -1.495105215464154202e+00 2.382712892465543852e-01 3.000000000000000000e+00
5.905777871606860963e-01 1.837192229463642912e+00 3.351850217729086090e+00 9.552963278951678416e-04 8.637756472804987151e-01 1.540315811767578998e+05 5.430943784942429193e+04 -2.395542475958500006e+00 3.743846963005450057e+00 3.000000000000000000e+00
5.001580226140529550e-01 2.634207149488995370e+00 4.086548066102721144e+00 8.863305813064341473e-04 8.013680030264543896e-01 1.464409931640625873e+05 5.755156603963064117e+04 -2.100260738132684324e+00 2.414141956916035170e+00 3.000000000000000000e+00
2.769185610236478134e-01 4.543996811782771594e+00 1.121350992853658468e+01 2.773202476156735787e-04 6.376525991301547069e-01 1.137155741577147855e+05 6.291842635660787346e+04 -1.211752088826817175e+00 -5.285953731202588379e-01 3.000000000000000000e+00
5.142627740456159335e-01 2.381817224897291307e+00 4.931167970541327605e+00 8.961986722641195491e-04 8.195740836811212793e-01 1.456478798116049438e+05 5.730231387868200545e+04 -2.065168697850762847e+00 2.271255709034902814e+00 3.000000000000000000e+00
4.276464562860076701e-01 3.169235661235302981e+00 6.595338864529236567e+00 5.933280598924220309e-04 7.567079391391664522e-01 1.381076477559408231e+05 5.980754648267747689e+04 -1.824500324228080395e+00 1.332351188573494660e+00 3.000000000000000000e+00
2.749402306245188887e-01 4.419143617857534956e+00 1.107859521443571893e+01 4.159798493820862815e-04 6.407521421732383926e-01 1.143192907714843313e+05 6.275724236513472715e+04 -1.223188925394653515e+00 -5.003434218211819662e-01 3.000000000000000000e+00
4.067614727291324894e-01 3.119215964660706497e+00 5.410923482323968692e+00 7.317299382342631496e-04 7.589028388586642748e-01 1.334207176310222421e+05 6.036342533463636209e+04 -1.683685161707661138e+00 8.408517609545085314e-01 3.000000000000000000e+00
5.466844496313223445e-01 2.310617425222201149e+00 3.655757117334683226e+00 7.699727056186709759e-04 8.299061173908255373e-01 1.512813466389974928e+05 5.570995553920004750e+04 -2.284100540920620759e+00 3.221183838957669465e+00 3.000000000000000000e+00
4.406317516090943465e-01 2.967428777699093523e+00 8.259951506573584012e+00 6.660474167906819520e-04 7.668220664170233292e-01 1.410176959940593515e+05 5.902364648394856340e+04 -1.914268519566639792e+00 1.668097027438688151e+00 3.000000000000000000e+00
4.683033335809275166e-01 2.558352370893126615e+00 6.608272487971702525e+00 7.577252087609949276e-04 8.110080952541818267e-01 1.438774332885743352e+05 5.804436533177339879e+04 -2.005818061361560822e+00 2.027017075604503837e+00 3.000000000000000000e+00
5.126334785527653093e-01 2.639175746458745309e+00 2.821536684682462770e+00 9.854096059611406645e-04 8.015007570409267146e-01 1.473419677124024311e+05 5.721985460422043980e+04 -2.132808801350905448e+00 2.552422220059360924e+00 3.000000000000000000e+00
5.009438785878063127e-01 2.639472314617349546e+00 4.510664877703862707e+00 6.255685440888154088e-04 7.975215085432273421e-01 1.464127979939779325e+05 5.748217518482063315e+04 -2.098177197830323415e+00 2.405908263702476901e+00 3.000000000000000000e+00
3.385425777571457462e-01 3.812761097866854243e+00 5.561507293742886660e+00 6.107501082851829769e-04 7.006687333361644177e-01 1.257727272847493296e+05 6.208352906783056096e+04 -1.488864897354722938e+00 2.192138571665238622e-01 3.000000000000000000e+00
6.745442677214916749e-01 1.348799734486838764e+00 2.080503682315754777e+00 1.387982705000373029e-03 9.138165200290908619e-01 1.609412772827149602e+05 5.096201594369984377e+04 -2.732939750917025457e+00 5.475286678105835136e+00 3.000000000000000000e+00
4.598406941690096339e-01 2.996322194800601579e+00 4.784069227833993132e+00 8.346490494158175996e-04 7.672252648573514300e-01 1.428528170166016207e+05 5.875064100008546666e+04 -1.977240735962955354e+00 1.911928393379077384e+00 3.000000000000000000e+00
4.777656865839504663e-01 2.779899946507937702e+00 7.752880818044648237e+00 4.377945403578123993e-04 7.850177382999651288e-01 1.449451604410808359e+05 5.794513983266970899e+04 -2.046240429632222746e+00 2.190906312211644114e+00 3.000000000000000000e+00
5.768783529334998716e-01 1.976386137794972742e+00 1.804296446839629864e+00 1.510291542514719323e-03 8.632100212971461906e-01 1.525675822347005887e+05 5.501740099054727034e+04 -2.334097626792780655e+00 3.452277267555616369e+00 3.000000000000000000e+00
4.631454908162564998e-01 2.808171940245815623e+00 5.588837961510656704e+00 1.020457758076212052e-03 7.834982590165903149e-01 1.420163184916179453e+05 5.862373748508020071e+04 -1.945012230425522626e+00 1.787681576322459165e+00 3.000000000000000000e+00
6.138207784531976019e-01 1.667508515966281912e+00 2.298463567203333557e+00 2.143442035960614004e-03 8.797916920933449569e-01 1.579744611206054979e+05 5.266227418320575816e+04 -2.581660567252056726e+00 4.669281228786963389e+00 3.000000000000000000e+00
5.475131634963094074e-01 2.324355082327279831e+00 5.867934435186970887e+00 6.138719380814821680e-04 8.279651955859596013e-01 1.510228316446941171e+05 5.582632223163665913e+04 -2.273895471393176493e+00 3.174625167884959964e+00 3.000000000000000000e+00
6.939404372741574401e-01 1.281798267779267642e+00 1.924137122070123773e+00 2.651710112566696680e-03 9.110635984310848645e-01 1.656489641316733032e+05 4.874045475944700593e+04 -3.025964194949693375e+00 7.159329159548484256e+00 3.000000000000000000e+00
5.677391430024378849e-01 2.092532236049728933e+00 4.196817973477890540e+00 6.513814265283107479e-04 8.500875016832031283e-01 1.534464908142090426e+05 5.478082644427568448e+04 -2.373779645217348300e+00 3.638859510262938635e+00 3.000000000000000000e+00
4.843937943256837464e-01 2.744409198254722515e+00 5.155794284255365234e+00 7.125437378758278737e-04 7.891332518986736710e-01 1.453128986409506178e+05 5.794704102332576440e+04 -2.060540730723537717e+00 2.248652318079813917e+00 3.000000000000000000e+00
5.673266531907437127e-01 2.130061130202687725e+00 7.359117613240745648e+00 5.196233864740415530e-04 8.431885615325180883e-01 1.518009322204590426e+05 5.530132972308257740e+04 -2.302250594024039199e+00 3.305715309486779496e+00 3.000000000000000000e+00
6.433765724148116094e-01 1.547577949755279292e+00 4.341319053390953364e+00 1.509012410022424330e-03 8.829612214317917873e-01 1.579196525166830106e+05 5.250496738053046283e+04 -2.575873314470868092e+00 4.641048592470945700e+00 3.000000000000000000e+00
5.220627539459503641e-01 2.242382479979830201e+00 5.093436365527771237e+00 7.574644123959393483e-04 8.267835534083350923e-01 1.452084964599610539e+05 5.724871344009140739e+04 -2.046932667028973807e+00 2.196983521610456513e+00 3.000000000000000000e+00
5.837840828156216633e-01 2.034863066623277206e+00 2.988611362928698778e+00 9.965505623945446895e-04 8.499269598456309360e-01 1.564952428487142606e+05 5.369182730556512251e+04 -2.515945182283070736e+00 4.332754513630041160e+00 3.000000000000000000e+00
5.038752409189475312e-01 2.638770688184003621e+00 4.255803956504599306e+00 4.485053215521767338e-04 8.103639347236637480e-01 1.472302694702149311e+05 5.731596798636384483e+04 -2.129494982600514064e+00 2.537896896080616749e+00 3.000000000000000000e+00
6.184286108177924346e-01 1.798979665169741393e+00 3.147999366011992262e+00 8.639634073945469525e-04 8.726082415874246712e-01 1.568543002624512592e+05 5.330568326418819197e+04 -2.529116123572926256e+00 4.400208234378504280e+00 3.000000000000000000e+00
6.912038521312695583e-01 1.389990070980593018e+00 3.219620800418606876e+00 1.092465970646896338e-03 9.025039165909753969e-01 1.626956344299317279e+05 5.030311710889718233e+04 -2.838452843487109245e+00 6.061582889894703285e+00 3.000000000000000000e+00
6.900067567801141388e-01 1.273909021148574627e+00 2.919969595708975962e+00 1.200613245324394810e-03 9.144942038538124152e-01 1.640505845540365553e+05 4.945559849442523409e+04 -2.918598677261050600e+00 6.523350708993277181e+00 3.000000000000000000e+00
5.340754318716118831e-01 2.406615209618245377e+00 1.558755472492576732e+00 1.158961789781990477e-03 8.279255920413401970e-01 1.485262071533204289e+05 5.664963247901689465e+04 -2.174888935990988870e+00 2.734944832440739049e+00 3.000000000000000000e+00
5.266108162741999221e-01 2.420724408578258657e+00 3.767065565570455909e+00 5.965122467260712113e-04 8.220371118925567933e-01 1.475098780721029616e+05 5.688735173592903448e+04 -2.135086880366860562e+00 2.563733707835176290e+00 3.000000000000000000e+00
5.834333068511894371e-01 2.037685650637788726e+00 3.155593581317209129e+00 1.176140790893316331e-03 8.491741314672076602e-01 1.533505399475098529e+05 5.474854582588893390e+04 -2.368691834370108662e+00 3.615621232908427629e+00 3.000000000000000000e+00
5.339040320390121552e-01 2.419467226599620879e+00 4.898895211343985423e+00 6.033496113895320864e-04 8.175053627697650427e-01 1.489076648763021803e+05 5.654039920403578435e+04 -2.189589415190566601e+00 2.798524056576751740e+00 3.000000000000000000e+00
6.370974169953331767e-01 1.642177447993507844e+00 2.319974814392597562e+00 9.631147711096700896e-04 8.855080312512181306e-01 1.586821353047689772e+05 5.229853597716538934e+04 -2.617095589551703849e+00 4.854242366239998496e+00 3.000000000000000000e+00
5.727747611271600814e-01 2.004789534780584415e+00 2.601758423543653720e+00 9.138702697445968883e-04 8.580542643202448971e-01 1.521356794230144296e+05 5.508552823567769519e+04 -2.314531954588332940e+00 3.362291023281129831e+00 3.000000000000000000e+00
4.457869808371542342e-01 2.959899841294212575e+00 5.190434672571598185e+00 6.457985284349136105e-04 7.786431684580475965e-01 1.393079366048178053e+05 5.940359319391688041e+04 -1.859579638973641424e+00 1.461752588590703006e+00 3.000000000000000000e+00
3.114141508947497194e-01 4.157717082276258580e+00 1.447350401193739522e+01 2.864318210387768650e-04 6.664832553546726768e-01 1.208312742919921584e+05 6.249743318837328843e+04 -1.369772992727056105e+00 -1.205412508823853202e-01 3.000000000000000000e+00
5.689467733077855360e-01 2.198831007146204719e+00 3.141276500296181329e+00 1.377218453675729294e-03 8.331966900713829727e-01 1.550632204895020695e+05 5.440835170148510224e+04 -2.450795287651330145e+00 4.008940523269719058e+00 3.000000000000000000e+00
3.024172873631701952e-01 4.380533410070284184e+00 9.277747430270641971e+00 3.253042262052097838e-04 6.522951123191101930e-01 1.173082766011555505e+05 6.277103045382767596e+04 -1.290274814005981652e+00 -3.319058040670141985e-01 3.000000000000000000e+00
4.220558194980825184e-01 3.091474237495236199e+00 4.695915869528801245e+00 8.102044447040648292e-04 7.573397436526866366e-01 1.357924857889812556e+05 6.013348673317729845e+04 -1.753440252480708006e+00 1.078676248812493910e+00 3.000000000000000000e+00
