1.000000000000000000e+00 1.000000000000000000e+00 1.000000000000000000e+00 1.000000000000000000e+00 1.000000000000000000e+00 1.000000000000000000e+00 1.000000000000000000e+00 1.000000000000000000e+00 1.000000000000000000e+00 1.000000000000000000e+00
3.730441927498853172e-01 3.035099107358948611e+00 8.495258508881436299e+00 6.510371988688215105e-04 7.617443331832557396e-01 1.317005866902668786e+05 6.061419173259698437e+04 -1.634962210939630900e+00 6.776943289216217359e-01 2.000000000000000000e+00
2.226693825066986820e-01 4.496896668859273305e+00 1.907043517523251097e+01 3.134458501627178178e-04 6.182775043231214518e-01 1.060396870218912227e+05 6.236842101136562997e+04 -1.047730927912738697e+00 -8.975724009427907824e-01 2.000000000000000000e+00
2.930715238206031414e-01 3.929674686072794021e+00 9.777940800571542468e+00 5.304634382094485521e-04 6.713248920457157709e-01 1.179789183858235192e+05 6.216137998735537258e+04 -1.299557847866706028e+00 -3.052864522676430603e-01 2.000000000000000000e+00
1.187216947609900097e-01 6.172209732097652335e+00 1.417235045992292974e+01 2.943780870656241121e-04 4.791585537470673395e-01 7.451621469116206572e+04 5.794220638180472451e+04 -4.661372801837604385e-01 -1.780310088728448203e+00 2.000000000000000000e+00
2.694642104388959569e-01 3.876049228287890891e+00 6.997997816138117777e+00 8.101620827042789854e-04 6.728996245389643471e-01 1.150564287923176598e+05 6.224052328607622621e+04 -1.233780862742526852e+00 -4.730498491713368558e-01 2.000000000000000000e+00
2.079793724583000047e-01 4.622453711532699572e+00 1.084309730142955885e+01 5.360484907020089890e-04 5.996973855362005557e-01 1.023283076680500963e+05 6.218795681152636098e+04 -9.741206035790207496e-01 -1.046887968265639124e+00 2.000000000000000000e+00
1.719062266261335847e-01 4.997106112796223520e+00 1.064043066744054933e+01 5.455142928515828091e-04 5.710921416238586845e-01 9.283531797281895706e+04 6.122575568735687557e+04 -7.936698876065535480e-01 -1.365992852822357051e+00 2.000000000000000000e+00
1.340891833932429944e-01 5.847825827493727147e+00 1.539036429057364153e+01 3.367040736836006778e-04 5.089554662271710272e-01 7.998558501180009625e+04 5.911451934230336337e+04 -5.626367442521206241e-01 -1.679799061103272262e+00 2.000000000000000000e+00
2.342046260860680129e-01 4.250960454025146440e+00 9.600083363429321892e+00 5.856709145805165124e-04 6.389404969090869413e-01 1.088803148905435519e+05 6.244426354829435149e+04 -1.104772553774171939e+00 -7.756820116260869646e-01 2.000000000000000000e+00
2.357939495046764700e-01 4.188387515195512556e+00 6.113335227631626623e+00 1.136866068744217398e-03 6.383340224172286970e-01 1.092716295064289880e+05 6.243491534844585112e+04 -1.112667746373773747e+00 -7.581336855142253306e-01 2.000000000000000000e+00
2.891807554212647569e-01 3.741952152960472233e+00 1.059285201444604674e+01 4.612942702802115742e-04 6.959282818696894690e-01 1.191157229003905668e+05 6.214043623827053671e+04 -1.324857696782205885e+00 -2.404808303317120810e-01 2.000000000000000000e+00
3.816573959661186399e-01 2.940906457348371195e+00 8.916380748017116886e+00 7.744366395953053038e-04 7.626028786897400824e-01 1.338309422709147912e+05 6.024652846601861529e+04 -1.693582843583149478e+00 8.724607638256229869e-01 2.000000000000000000e+00
2.967568538030401215e-01 3.783930786158434145e+00 8.116995538112508513e+00 6.506077490997072728e-04 6.863824346613378591e-01 1.204477065124511137e+05 6.226442897950886254e+04 -1.357572313578368828e+00 -1.537191863114353296e-01 2.000000000000000000e+00
3.603318762319963064e-01 3.119974189136124121e+00 8.153195959122880865e+00 7.660321341669953715e-04 7.504388250088255274e-01 1.309763984476724727e+05 6.085826034212115337e+04 -1.616635338984255377e+00 6.170276812279271716e-01 2.000000000000000000e+00
2.802822223780793154e-01 4.338529174685720413e+00 1.005773548048359523e+01 3.947292496431982793e-04 6.522392812675240625e-01 1.157962099812825036e+05 6.276910232529369387e+04 -1.255960800717976777e+00 -4.192882495163221535e-01 2.000000000000000000e+00
1.083962329451783752e-01 6.569654152754760723e+00 2.139326444985871944e+01 2.412720459817724295e-04 4.465269614225030881e-01 7.191937785847976920e+04 5.745498562098024559e+04 -4.216283237668249084e-01 -1.820999992550549118e+00 2.000000000000000000e+00
1.640459104561049208e-01 5.146535996163351001e+00 1.943815355020090152e+01 2.605952480300090962e-04 5.635792847223448643e-01 8.889805363972978375e+04 6.035478700898693933e+04 -7.194507243340063640e-01 -1.476115954966597421e+00 2.000000000000000000e+00
1.486063469758081013e-01 5.349199093544669381e+00 1.880928102302390670e+01 2.588785905406038143e-04 5.433908332715524647e-01 8.450029999796545599e+04 5.962834331954089430e+04 -6.400367401490929531e-01 -1.584625652614839231e+00 2.000000000000000000e+00
1.196858949714982856e-01 6.123540847533991638e+00 1.640638669981851194e+01 2.554061295867171848e-04 4.887734458509123692e-01 7.446334119669591018e+04 5.777289400319420383e+04 -4.639686878016777150e-01 -1.781461226989123903e+00 2.000000000000000000e+00
2.999710058977196336e-01 3.836948812557971600e+00 1.060748229412016386e+01 5.425280010539464473e-04 6.820700774402355115e-01 1.223974430643716769e+05 6.226439151854334341e+04 -1.404987789054940706e+00 -2.321500880960947200e-02 2.000000000000000000e+00
2.536738206917536487e-01 3.813379829544037758e+00 1.040910922257345916e+01 6.440576265488049887e-04 6.798699979743477728e-01 1.108189551289875672e+05 6.171522513698133844e+04 -1.138342572848333401e+00 -6.962369800460184166e-01 2.000000000000000000e+00
1.065574317381778463e-01 6.252558839578101768e+00 1.696507586338886497e+01 2.428533981030367428e-04 4.731679464800388479e-01 6.881849586995436403e+04 5.583690650514427398e+04 -3.603181964178269747e-01 -1.865252280273632657e+00 2.000000000000000000e+00
1.235808974860698878e-01 6.007499305135908685e+00 1.517291001695539876e+01 3.154395978315945991e-04 4.917383426315370953e-01 7.644465482584631536e+04 5.830608111462034867e+04 -4.994965855152427303e-01 -1.747334175172075899e+00 2.000000000000000000e+00
2.827805729030751780e-01 3.885886167872797614e+00 9.687673179262121792e+00 5.588751381837567733e-04 6.815021252800750329e-01 1.176185875956217060e+05 6.231380800606853882e+04 -1.292234738305029662e+00 -3.258433218686715982e-01 2.000000000000000000e+00
1.422874149686613188e-01 5.365839819403421806e+00 1.448664242615551778e+01 3.734489454770467719e-04 5.399533970773383595e-01 8.254304384358716197e+04 5.924976512890034064e+04 -6.044883276270770489e-01 -1.629594777350038104e+00 2.000000000000000000e+00
1.377771885069010716e-01 5.662070155174308894e+00 1.524074601923624606e+01 3.384560098997023685e-04 5.165524849342794100e-01 8.132915711466467474e+04 5.926935607615998015e+04 -5.853138473731112068e-01 -1.653342777527883500e+00 2.000000000000000000e+00
3.383865661453520080e-01 3.271981065481347262e+00 9.045888705615581671e+00 7.597695815092379889e-04 7.287936547430934331e-01 1.265900711873371911e+05 6.119621853035892127e+04 -1.500369073978151002e+00 2.566183808209183681e-01 2.000000000000000000e+00
1.499116072345164641e-01 5.698963548737484786e+00 1.180708434233458881e+01 3.670063484931974235e-04 5.213616473692468389e-01 8.573504743448889349e+04 6.055922684813719388e+04 -6.680505222465119575e-01 -1.551432308362498791e+00 2.000000000000000000e+00
1.497454327592004641e-01 5.238522341631511203e+00 1.414616120824075729e+01 4.362495473764464054e-04 5.463263523256161047e-01 8.637455699666337750e+04 6.010563646067903755e+04 -6.743753293601786325e-01 -1.540923104304734004e+00 2.000000000000000000e+00
4.366123487181767793e-01 2.614586329450147684e+00 5.876774039473349198e+00 1.335081619532243764e-03 7.911422008874445799e-01 1.445493974405925546e+05 5.799270988875711191e+04 -2.030661423266264975e+00 2.126052399964269313e+00 2.000000000000000000e+00
2.320431210523820620e-01 4.568321696483759631e+00 1.099565800887846301e+01 5.053590464614287096e-04 6.147351494571929864e-01 1.089402059224445984e+05 6.290701088363219606e+04 -1.110620719165745562e+00 -7.642831086529748852e-01 2.000000000000000000e+00
1.614088528138519218e-01 5.198725839016933747e+00 1.288307376007538529e+01 4.379871890262421750e-04 5.594847745805390238e-01 8.844288247680659697e+04 6.031278850551099458e+04 -7.113433448186783359e-01 -1.488007988624745925e+00 2.000000000000000000e+00
2.934514362797593368e-01 4.149306939011245809e+00 9.299504979888784106e+00 3.788334839101514481e-04 6.699617970101011677e-01 1.179177842508951289e+05 6.261209606311158132e+04 -1.302227957336950404e+00 -3.010439692761455177e-01 2.000000000000000000e+00
1.833292547528809213e-01 4.761998383390423584e+00 1.515176723485521038e+01 3.584484676443024402e-04 5.904933542216271869e-01 9.598921819051101920e+04 6.134300102185198193e+04 -8.504559721635199798e-01 -1.270983308929525712e+00 2.000000000000000000e+00
2.994768444992897405e-01 3.728672900804956836e+00 1.074226902791241933e+01 5.338053426814842522e-04 6.872760594278934931e-01 1.201965048421223619e+05 6.212735869792679296e+04 -1.350211035815984673e+00 -1.729099304566870110e-01 2.000000000000000000e+00
1.739285955596856781e-01 5.136976812798915049e+00 1.621478810735776932e+01 3.086879693070820625e-04 5.697760916194620773e-01 9.190650636800125358e+04 6.098358277201397868e+04 -7.759948319553113816e-01 -1.392500223467568521e+00 2.000000000000000000e+00
2.684260114102333117e-01 4.008019611617513078e+00 1.279008981054005467e+01 4.813729671614108935e-04 6.605141369560507680e-01 1.158798463745116605e+05 6.247302088330146216e+04 -1.254229343672928820e+00 -4.234753184632071843e-01 2.000000000000000000e+00
9.469973680451859721e-02 6.609272582260098616e+00 1.903077622436920180e+01 2.248758204922226439e-04 4.438055221946430318e-01 6.444493553670250549e+04 5.469538752183190081e+04 -2.831406967980730771e-01 -1.916984021499483992e+00 2.000000000000000000e+00
1.150864759965551931e-01 6.383710061950037762e+00 2.437536701919456661e+01 2.083973724819203387e-04 4.617477929401757053e-01 7.420001842244459840e+04 5.794601224202503363e+04 -4.612392494065318260e-01 -1.785268977337988838e+00 2.000000000000000000e+00
9.439325351000793507e-02 6.524280604713512233e+00 1.524868593730829147e+01 3.217219349166620100e-04 4.471327923778803393e-01 6.454486988321942772e+04 5.465718056594998052e+04 -2.841983067099309590e-01 -1.916199371870434875e+00 2.000000000000000000e+00
2.195997458941784108e-01 4.647351921029199140e+00 8.244160877544246091e+00 6.779566055029268359e-04 6.003542045745225986e-01 1.060062517903645348e+05 6.280318882618585485e+04 -1.050629162059250055e+00 -8.940872768361285416e-01 2.000000000000000000e+00
1.307731610018479373e-01 5.682250132935683595e+00 1.654525812104190408e+01 3.528275604796865354e-04 5.076995455408359614e-01 7.900962534586583206e+04 5.864818810344226949e+04 -5.429101798088367126e-01 -1.700811862256397244e+00 2.000000000000000000e+00
2.544324716314043666e-01 4.097691067985799407e+00 1.257632259531858487e+01 4.341266763356960092e-04 6.590475731068744514e-01 1.128741549479166424e+05 6.244635101965023205e+04 -1.188355171303149271e+00 -5.837560936806696077e-01 2.000000000000000000e+00
2.638649381398233129e-01 4.140513588266722778e+00 1.570244473027073795e+01 4.249690215797635056e-04 6.527554419409792308e-01 1.134758372904459538e+05 6.239978738173202873e+04 -1.201363357818941546e+00 -5.516831973760494279e-01 2.000000000000000000e+00
2.634820032175464455e-01 3.836735534479574827e+00 1.207349962146499323e+01 5.425676913798036525e-04 6.687349438614821340e-01 1.147084719238280668e+05 6.210081689251704665e+04 -1.224745396578830858e+00 -4.946113989929199484e-01 2.000000000000000000e+00
2.601359212264737208e-01 4.257787141816101517e+00 1.656496187468985681e+01 3.122386465081386920e-04 6.469882788497216541e-01 1.126876207071939571e+05 6.259246930771844927e+04 -1.186043774765702885e+00 -5.894298732609697389e-01 2.000000000000000000e+00
2.887345312653404883e-01 3.768843397670623929e+00 9.489894985039205366e+00 5.136041053429257590e-04 6.919988356806524576e-01 1.163510277913410973e+05 6.195328360378205252e+04 -1.260371676636997229e+00 -4.045959877526192905e-01 2.000000000000000000e+00
4.572754486489360448e-01 2.513891370516494028e+00 7.265134648085224356e+00 9.065466113554670547e-04 8.003635324524285277e-01 1.432081915995280724e+05 5.817556798631795391e+04 -1.982255386697487909e+00 1.933139042349117709e+00 2.000000000000000000e+00
2.955509934956900842e-01 3.673641749972288650e+00 1.242641641494141247e+01 4.587620726813852528e-04 6.951156398768693068e-01 1.180492957560220821e+05 6.181832892582012573e+04 -1.297406027471581735e+00 -3.098978194043646717e-01 2.000000000000000000e+00
1.902928056580505400e-01 5.160687529051823041e+00 1.079690819138206415e+01 3.363772254165497467e-04 5.757208361673835650e-01 9.519495248413080117e+04 6.180957347598611523e+04 -8.404677392762173183e-01 -1.290267108728659462e+00 2.000000000000000000e+00
1.709368515012318346e-01 5.376981946051493821e+00 1.604254554467440741e+01 2.884659134760704578e-04 5.521979130161026594e-01 9.167131373087559768e+04 6.135890956696510693e+04 -7.749423796940568820e-01 -1.396316599842379436e+00 2.000000000000000000e+00
3.131891675827696564e-01 3.505478578206901563e+00 7.883510736779167694e+00 5.836289258061845260e-04 7.156001086067805828e-01 1.222218167419433157e+05 6.176964983339008904e+04 -1.395423148736027130e+00 -4.786154887988036677e-02 2.000000000000000000e+00
3.150317265464056549e-01 3.444162491539102700e+00 6.495019273435236329e+00 9.944392601729382716e-04 7.194645113531634717e-01 1.217326982625325181e+05 6.170463410692258913e+04 -1.382836284769268342e+00 -8.231218975568976859e-02 2.000000000000000000e+00
2.653609714911291384e-01 4.118311242055613164e+00 1.021458775036443356e+01 4.918137616088378607e-04 6.600751501017353418e-01 1.150254887288410973e+05 6.256063971868561930e+04 -1.236326097822694647e+00 -4.680011076527752500e-01 2.000000000000000000e+00
2.026663294623251010e-01 4.760090653813087158e+00 1.529365763473679607e+01 3.687352312492459612e-04 6.002533766359587908e-01 1.004300220031737699e+05 6.209560357580023992e+04 -9.376373229381680385e-01 -1.116894642993920161e+00 2.000000000000000000e+00
2.166373882129771777e-01 4.717797235068828421e+00 1.257135971911233163e+01 4.602838139203441789e-04 5.987268527484880254e-01 1.058673836873371911e+05 6.283072653613512375e+04 -1.048259001801541412e+00 -8.990213232792707565e-01 2.000000000000000000e+00
3.556434179821378883e-01 3.213199888415882111e+00 9.247850605673828994e+00 6.788655419632385691e-04 7.392751423036690861e-01 1.298177197163899255e+05 6.106172569493269839e+04 -1.586299056602237245e+00 5.200261838504203205e-01 2.000000000000000000e+00
1.334788524354676709e-01 5.925811479863986264e+00 1.628199428707889140e+01 2.625341939888417857e-04 5.041278822138849369e-01 8.017660733032220742e+04 5.933432652374803729e+04 -5.673131207272329446e-01 -1.675649853325890337e+00 2.000000000000000000e+00
3.434006773202084029e-01 3.302871093376816614e+00 9.535974862190625956e+00 6.802738085593402605e-04 7.276048840497943981e-01 1.279936669718424237e+05 6.121649975495491526e+04 -1.538214939901872080e+00 3.709446219541612244e-01 2.000000000000000000e+00
2.056458784414993413e-01 4.919346291204581334e+00 1.102883207367769280e+01 4.682752557610815689e-04 5.823704065259277529e-01 1.021062868245442223e+05 6.264101965226927132e+04 -9.739879267855724443e-01 -1.049211942907905204e+00 2.000000000000000000e+00
3.055438902600065010e-01 3.625627202694386764e+00 9.742339621120034820e+00 5.821933301143291566e-04 7.065863729288581752e-01 1.213859727884927997e+05 6.202490282591354480e+04 -1.377585844119671554e+00 -9.837162581246694515e-02 2.000000000000000000e+00
1.200970447766776944e-01 6.077279089187725525e+00 1.580600654081793621e+01 2.854782010703981582e-04 4.882385605062211642e-01 7.448653921508781787e+04 5.765880037690937752e+04 -4.636024913061988495e-01 -1.780913983887143726e+00 2.000000000000000000e+00
2.423890271423888021e-01 4.256457742619086382e+00 1.333722752301944681e+01 3.737816090484609747e-04 6.453471245541030354e-01 1.085614862670898001e+05 6.226366637512911257e+04 -1.097083577137148103e+00 -7.910748126690156923e-01 2.000000000000000000e+00
2.226253545591276584e-01 4.635586257274768585e+00 1.063800215759167145e+01 4.827277845596336377e-04 6.112589177340861379e-01 1.038475263468423800e+05 6.233608797206574673e+04 -1.004608980783655792e+00 -9.865785474833250746e-01 2.000000000000000000e+00
3.663680169556506883e-01 3.213839815785624499e+00 9.846739864419330246e+00 5.765074725159169931e-04 7.395624971893997035e-01 1.307183335062662518e+05 6.083234441377238545e+04 -1.609579901046542583e+00 5.956811700900326301e-01 2.000000000000000000e+00
1.746800661103824481e-01 5.385699529891709858e+00 1.493513810367342565e+01 2.801694840692573146e-04 5.551034358588833317e-01 9.118816766357417509e+04 6.123451452712793980e+04 -7.657492042852610536e-01 -1.409979539730866538e+00 2.000000000000000000e+00
1.301998884360093256e-01 5.790273059231657804e+00 1.563271425132658976e+01 3.305479493704764301e-04 5.058065490786722851e-01 7.907633100382483099e+04 5.880840232086871401e+04 -5.452532666355224267e-01 -1.699026317629634297e+00 2.000000000000000000e+00
3.218272673056316036e-01 3.465218088975649646e+00 8.998188141942478069e+00 7.525881800633690529e-04 7.142946036193047465e-01 1.257714710998534720e+05 6.161992537756741513e+04 -1.483542711955598614e+00 2.049614746890306982e-01 2.000000000000000000e+00
1.162764057098191056e-01 5.944636021833034967e+00 2.040212722718397487e+01 2.556335163734768114e-04 4.899782827320546819e-01 7.389340954589840840e+04 5.732033267713157693e+04 -4.510735188740664925e-01 -1.792081818993698894e+00 2.000000000000000000e+00
1.593124517001919538e-01 5.244236910596199230e+00 1.231647522364792380e+01 4.421327595196830151e-04 5.578974331275085019e-01 8.812440596516925143e+04 6.050159825090219238e+04 -7.073251812689643758e-01 -1.495222563203177257e+00 2.000000000000000000e+00
2.461120069694094081e-01 4.443611351142633836e+00 1.248496653656710365e+01 4.484596910483605809e-04 6.275317926230128407e-01 1.101181851908365497e+05 6.270537710864449764e+04 -1.132985295912340762e+00 -7.130893898811354603e-01 2.000000000000000000e+00
1.470745918627812676e-01 5.689383838133741378e+00 1.021920288718414049e+01 3.887119514095313164e-04 5.306424503351193644e-01 8.248118207804356643e+04 5.962164787874005560e+04 -6.072297903195602586e-01 -1.627214129453638192e+00 2.000000000000000000e+00
1.938403469277970859e-01 4.772305500961544489e+00 1.911493755074364742e+01 2.895234479611302389e-04 5.932648507953872663e-01 9.732367380777992366e+04 6.152113226050208323e+04 -8.762863506196515440e-01 -1.226026156509762988e+00 2.000000000000000000e+00
2.221619302765723003e-01 4.488785625329531292e+00 1.430930682803964871e+01 3.727294991488778043e-04 6.235609760142651892e-01 1.050504219665526907e+05 6.224336862439430843e+04 -1.027041424367385103e+00 -9.403585360339112853e-01 2.000000000000000000e+00
2.978066862179218899e-01 3.605366627354595455e+00 8.633085801046444629e+00 7.061929256203938266e-04 6.958513889537770725e-01 1.199358512980142696e+05 6.194701073056324094e+04 -1.342313832132432605e+00 -1.930860325172827352e-01 2.000000000000000000e+00
1.018436187737747911e-01 6.116259398245609269e+00 1.732396659583341147e+01 3.515476363880020967e-04 4.669477345837510507e-01 6.793430985514319036e+04 5.534590839685577521e+04 -3.425190816734394739e-01 -1.876758246060398205e+00 2.000000000000000000e+00
1.752218556549448858e-01 5.070610751469197375e+00 1.535292769192236584e+01 3.502668848187986440e-04 5.677380514016993063e-01 9.282933224487301777e+04 6.109852796307530662e+04 -7.930628339381824432e-01 -1.365514014898967954e+00 2.000000000000000000e+00
2.420147173165546062e-01 4.250570009853499975e+00 1.501930009822052448e+01 3.426325745703207872e-04 6.441027530937946111e-01 1.097964861348469567e+05 6.244162876526502805e+04 -1.123806695777300080e+00 -7.327325607802204210e-01 2.000000000000000000e+00
2.205954557830229756e-01 4.849513257532812815e+00 1.273998164450694581e+01 4.349836131801085824e-04 5.981855523654042717e-01 1.051805090942382230e+05 6.286471833083624369e+04 -1.035193285130900032e+00 -9.263566259126396751e-01 2.000000000000000000e+00
1.073252197754983733e-01 6.187228502720131473e+00 1.589341805039991584e+01 3.330979321662307872e-04 4.755462919914487663e-01 6.944755525716139528e+04 5.607149190108305629e+04 -3.718641905304997386e-01 -1.857178254773575565e+00 2.000000000000000000e+00
1.662207512027611689e-01 4.999553115496230937e+00 1.231682995279505022e+01 4.400583418319291978e-04 5.768787751584810719e-01 9.034389199829098652e+04 6.062431491888329037e+04 -7.457837421001238809e-01 -1.438405201480782436e+00 2.000000000000000000e+00
2.705830329702683112e-01 4.246050805844466147e+00 1.369313709732695017e+01 3.932214443672092836e-04 6.512165806807735935e-01 1.158839679870605032e+05 6.270559368432551128e+04 -1.256959513665760086e+00 -4.170651180906053135e-01 2.000000000000000000e+00
4.075921796112794149e-01 3.027542850159124388e+00 1.057009918555347738e+01 5.440730463704045389e-04 7.558243272552194192e-01 1.372132506205241953e+05 5.982869346791787393e+04 -1.795064035119406487e+00 1.226081100686690739e+00 2.000000000000000000e+00
3.112253104454089092e-01 3.635838345085533163e+00 1.174879803207079298e+01 3.812490121814540961e-04 7.054853307184401068e-01 1.214322314147948782e+05 6.189373777927495394e+04 -1.377822676488479114e+00 -9.633498593953371270e-02 2.000000000000000000e+00
3.605371255601199088e-01 3.157256549457836847e+00 7.120832252566914100e+00 8.457561571272630488e-04 7.423395271055360789e-01 1.285811227010090515e+05 6.085525459284294629e+04 -1.550401912561603757e+00 4.102797131336863856e-01 2.000000000000000000e+00
7.639269730514373913e-02 6.886226097547993419e+00 1.740017043501767446e+01 2.509651534914084602e-04 4.169698367753199575e-01 5.622365608723960759e+04 5.142501405120553682e+04 -1.283306387508293955e-01 -1.980704160068180952e+00 2.000000000000000000e+00
2.323182710788028182e-01 4.636641082051622398e+00 1.411981926617897720e+01 4.009613601553159152e-04 6.153666274896367749e-01 1.074366278076171584e+05 6.274592188406144851e+04 -1.078890185952055880e+00 -8.328975381268435285e-01 2.000000000000000000e+00
1.071850224865845969e-01 6.367289506980945646e+00 1.765480582999292025e+01 2.587673494409833898e-04 4.650333516032114645e-01 6.922026511637363001e+04 5.615565495255374117e+04 -3.690423849750799068e-01 -1.860072221723692243e+00 2.000000000000000000e+00
2.069473481755173816e-01 4.826313670136138434e+00 1.076999703384783302e+01 5.039747679368550802e-04 5.939173026990324233e-01 1.020949867045084247e+05 6.250013054236485914e+04 -9.724241156713190337e-01 -1.051769397963413954e+00 2.000000000000000000e+00
1.326425945700664688e-01 6.004281688659529159e+00 1.187364780927530106e+01 3.721295455651737268e-04 4.981165008166841823e-01 7.965938065592444036e+04 5.933849389619835711e+04 -5.590629491260257211e-01 -1.685547109414855749e+00 2.000000000000000000e+00
1.609903231168386684e-01 5.252913025837705696e+00 1.415051847257387152e+01 3.693729151926476587e-04 5.601113418412706491e-01 8.764383766682937858e+04 6.022482131997498800e+04 -6.971535792525517250e-01 -1.508264726490465835e+00 2.000000000000000000e+00
2.726282641730345402e-01 3.764802463283213996e+00 8.596389955324278631e+00 7.246832972145887154e-04 6.840193700160803747e-01 1.162587341715494258e+05 6.217778290670087881e+04 -1.259580671366577587e+00 -4.091359874520770212e-01 2.000000000000000000e+00
3.142522848857052797e-01 3.673030891611524407e+00 1.155070380639370065e+01 4.254500014885075738e-04 6.978894744652218707e-01 1.215931194763183157e+05 6.194088423564759432e+04 -1.382303784030598948e+00 -8.408466894321842133e-02 2.000000000000000000e+00
2.443206117327618165e-01 4.257808905499892660e+00 1.491355030665400960e+01 3.729871085831475987e-04 6.410465153785545045e-01 1.089168736267089407e+05 6.226921871348178684e+04 -1.104626447939093703e+00 -7.740538796432110402e-01 2.000000000000000000e+00
2.472875034886621859e-01 4.468856523910400114e+00 1.460235454681485301e+01 3.510465338900754730e-04 6.288292667835935212e-01 1.116268226826985047e+05 6.289431027885343792e+04 -1.166258630877604840e+00 -6.374859887676738168e-01 2.000000000000000000e+00
3.509038273077849657e-01 3.376382333475214104e+00 9.383796249444493753e+00 4.853384884961971409e-04 7.306741345424073719e-01 1.295256532999674091e+05 6.128540853008479462e+04 -1.580948304162795193e+00 5.027670760507199077e-01 2.000000000000000000e+00
1.948107243260495669e-01 4.815692425157974910e+00 1.135576406317675513e+01 4.526831542986151742e-04 5.901523648359977559e-01 9.883261938476559590e+04 6.200455770207825844e+04 -9.075930965052243504e-01 -1.172222132567688480e+00 2.000000000000000000e+00
1.252920649214169513e-01 5.951166639491218824e+00 1.599529547619774483e+01 3.191122213383695383e-04 4.989873612435214434e-01 7.661980580647780153e+04 5.820387434627317270e+04 -5.015941306742681682e-01 -1.744258775115973492e+00 2.000000000000000000e+00
2.674831012920523277e-01 4.330844164668234519e+00 1.415825820136317681e+01 3.605165227673202792e-04 6.407102310221484132e-01 1.154343882344563317e+05 6.276383368234889349e+04 -1.247680704557511122e+00 -4.402284457194394207e-01 2.000000000000000000e+00
2.631171987350716668e-01 4.080786232516958378e+00 1.172419410561979802e+01 5.484248791528073498e-04 6.552995100001889339e-01 1.142211650797525363e+05 6.246053628179644147e+04 -1.217743875829364608e+00 -5.130063743959225597e-01 2.000000000000000000e+00
1.564338761018962964e-01 5.265078280411099598e+00 1.433065643309064718e+01 3.962382583841384497e-04 5.432108922266951634e-01 8.877114765421544143e+04 6.063712154476159048e+04 -7.191403638565849743e-01 -1.478793671867597581e+00 2.000000000000000000e+00
2.954101799592527278e-01 3.801944156952350440e+00 7.028855731901509252e+00 7.344378885653708071e-04 6.835365996169213698e-01 1.202896040140787372e+05 6.227923030142678181e+04 -1.354004598444224383e+00 -1.633188954521438419e-01 2.000000000000000000e+00
2.317442353252579801e-01 4.387612965261081577e+00 1.252512688107888650e+01 4.679167627022890450e-04 6.282080276919014272e-01 1.075784283854166279e+05 6.240682629736574745e+04 -1.078448881321205199e+00 -8.325695833270043700e-01 2.000000000000000000e+00
1.223850534020317626e-01 5.909371235685742185e+00 1.875142601872881443e+01 2.907696799317614680e-04 4.925042755820838170e-01 7.736728121948237822e+04 5.844941773918845138e+04 -5.150258802215004206e-01 -1.731474543273029632e+00 2.000000000000000000e+00
2.927274143582607735e-01 3.759830026149320492e+00 1.199800923336317915e+01 5.261289801875303727e-04 6.823882200703869083e-01 1.194877007141112699e+05 6.207716727672580600e+04 -1.333167166618095534e+00 -2.178351830509139830e-01 2.000000000000000000e+00
2.995643560338890343e-01 3.599489128524912207e+00 9.956150245545400068e+00 5.728819267070938944e-04 7.117430750794384586e-01 1.192747451680500817e+05 6.183205342427334836e+04 -1.325677243613746281e+00 -2.366033138764733756e-01 2.000000000000000000e+00
9.829633821911956670e-02 6.323139829391889677e+00 1.422197877925681908e+01 3.420251788225061522e-04 4.589289406393757820e-01 6.682970462036129902e+04 5.529830902017404151e+04 -3.247131836142188588e-01 -1.890788636922318355e+00 2.000000000000000000e+00
2.577315349301574909e-01 4.003543948727270596e+00 1.252070428759243903e+01 4.964121692744764922e-04 6.619242715372294361e-01 1.131707027893066115e+05 6.232951747466024244e+04 -1.193461080090965742e+00 -5.713135264692787985e-01 2.000000000000000000e+00
3.381101732299505169e-01 3.714370416324828117e+00 7.778702851793442896e+00 4.846059768448132492e-04 7.064084663882597148e-01 1.268680892842610192e+05 6.186378919361629232e+04 -1.515237300012498789e+00 2.986879631218624098e-01 2.000000000000000000e+00
2.909520344961430971e-01 3.975261359250419790e+00 8.472438429095147328e+00 5.482617951221799854e-04 6.776160636806537463e-01 1.179358311157225980e+05 6.237408520420832792e+04 -1.300326406719379380e+00 -3.048327592690940335e-01 2.000000000000000000e+00
3.671676612198570555e-01 3.081541871200976779e+00 1.122459125470566121e+01 5.478882283552763757e-04 7.525737784814110487e-01 1.313154575805663771e+05 6.067767606178396090e+04 -1.624681059334487365e+00 6.443920113840642117e-01 2.000000000000000000e+00
3.516561463502750340e-01 3.381101147628024606e+00 1.315397426051977625e+01 3.763600488682275610e-04 7.265632051051893470e-01 1.281265430704752507e+05 6.124969064526856528e+04 -1.542401156861677558e+00 3.840022356017409599e-01 2.000000000000000000e+00
3.309582513506271750e-01 3.334167413955372083e+00 1.075667247033026008e+01 5.690940589056043761e-04 7.218137890817746261e-01 1.236956145121256122e+05 6.145455489438928635e+04 -1.428779946961780789e+00 4.733780430940370820e-02 2.000000000000000000e+00
1.051418510397050116e-01 6.410612680359806248e+00 2.053685780603485611e+01 2.457790601860342225e-04 4.602134824258163337e-01 6.999348515828445670e+04 5.647901434535292356e+04 -3.835142554411880012e-01 -1.849854589204090516e+00 2.000000000000000000e+00
3.577522787138833205e-01 3.170640693814692490e+00 7.748036987485475535e+00 7.926822067935033935e-04 7.362181685057856972e-01 1.297909234924315824e+05 6.088160329224052839e+04 -1.583886146839759812e+00 5.138874498571648353e-01 2.000000000000000000e+00
4.060180258384596952e-01 2.871291636257830682e+00 8.392444931414127396e+00 7.811763101149980966e-04 7.641192194848791530e-01 1.364663816731771221e+05 5.979224801139339252e+04 -1.770218007922206072e+00 1.137842239519253340e+00 2.000000000000000000e+00
2.306556659884825278e-01 4.742712570172437303e+00 1.369111750780253978e+01 3.250577654782428735e-04 6.095351761821677927e-01 1.054755567016600980e+05 6.259399887858738657e+04 -1.038959252845198966e+00 -9.165745882783116194e-01 2.000000000000000000e+00
3.208885970354553585e-01 3.506484388517447925e+00 8.973495914697123155e+00 6.320367341954027073e-04 7.090521618760325939e-01 1.238998158671060664e+05 6.168087330461423699e+04 -1.436217150900838568e+00 6.737028381596621429e-02 2.000000000000000000e+00
3.619586563375499777e-01 3.281270981875540560e+00 9.800316652393808781e+00 5.122828303918435834e-04 7.358291971260558784e-01 1.269781083679198637e+05 6.105407460894547694e+04 -1.509945662288025625e+00 2.874064505086941779e-01 2.000000000000000000e+00
3.057921171247390268e-01 3.541521769949078635e+00 8.066982703087854034e+00 7.579192547392564006e-04 7.082380762096999183e-01 1.207003628743488953e+05 6.177790671104984358e+04 -1.359014673101577975e+00 -1.470540508000892643e-01 2.000000000000000000e+00
3.961732665408067566e-01 3.111873478053801545e+00 6.400736733730727046e+00 8.132983625775404247e-04 7.471233579373740552e-01 1.362875345662435866e+05 6.025640022677847446e+04 -1.770155427854136931e+00 1.135560790582236912e+00 2.000000000000000000e+00
3.417879113065583341e-01 3.400437329434713885e+00 1.135603343420734390e+01 4.637904700464388951e-04 7.244950035448469716e-01 1.287545642598469422e+05 6.130589731908609974e+04 -1.559986951045473136e+00 4.375926349642527136e-01 2.000000000000000000e+00
2.579186737246955685e-01 3.917629028308357686e+00 1.026408804079473747e+01 5.996809870713364554e-04 6.712499014326231972e-01 1.121048904520670039e+05 6.195549257405277604e+04 -1.167638990431429491e+00 -6.297455359667485375e-01 2.000000000000000000e+00
2.574008178267020996e-01 4.152985929033535584e+00 1.141366801025282562e+01 5.548259254682739571e-04 6.508505642291956272e-01 1.140553594868977380e+05 6.257808648552649538e+04 -1.215322740493297582e+00 -5.193220152054438543e-01 2.000000000000000000e+00
4.579038631082846256e-01 2.590854088129719734e+00 7.632315324661012035e+00 7.770803896644983477e-04 7.981094981793263043e-01 1.430728824462891207e+05 5.830628459253455367e+04 -1.979071824708628524e+00 1.920282903181232292e+00 2.000000000000000000e+00
3.447959149093527409e-01 3.218470696559386557e+00 7.970103140306140865e+00 8.674016262178271168e-04 7.341775583818783701e-01 1.287677148030598619e+05 6.112894229347260261e+04 -1.557871577648043626e+00 4.308908149965922085e-01 2.000000000000000000e+00
3.049830725220764038e-01 3.800179480703297141e+00 8.401759730687494709e+00 5.561680429263236337e-04 6.863734476391010197e-01 1.205801878560383775e+05 6.217964126593426045e+04 -1.360189244258020125e+00 -1.457203291973203640e-01 2.000000000000000000e+00
2.058869143009948999e-01 4.451658204651203654e+00 8.765050090170484864e+00 6.886005292492621867e-04 6.167964092700105594e-01 9.955482657877598831e+04 6.131821908902756695e+04 -9.153302586115238393e-01 -1.153914906497562676e+00 2.000000000000000000e+00
1.279596223855060944e-01 5.726941454344877336e+00 1.655032707199585573e+01 2.991654433482275957e-04 5.077103330370380530e-01 7.825521206665034697e+04 5.846039572793264233e+04 -5.292864556982264101e-01 -1.715445437483443358e+00 2.000000000000000000e+00
2.225871522738190333e-01 4.782017796095580309e+00 1.368863242450946593e+01 3.392339827881310239e-04 6.001292790533483412e-01 1.065231097310383775e+05 6.294484923812619672e+04 -1.062353984137039298e+00 -8.695394079175295943e-01 2.000000000000000000e+00
1.779642996294185098e-01 4.941515745735975074e+00 1.599918647921235504e+01 3.838009056385987324e-04 5.726351211015565656e-01 9.513685151163731643e+04 6.153151558029030275e+04 -8.366264293177156919e-01 -1.296093425081496386e+00 2.000000000000000000e+00
1.681956121026057238e-01 5.000619021245852558e+00 1.186793173968221815e+01 4.538163843067712002e-04 5.759197881668711716e-01 9.021819782511386438e+04 6.062039871859321283e+04 -7.435859616574993503e-01 -1.441797613413145829e+00 2.000000000000000000e+00
1.811194345996257893e-01 4.833050198831771560e+00 1.080713748146831144e+01 5.078014244651093273e-04 5.841106050745247247e-01 9.552387958780920599e+04 6.146791465965057432e+04 -8.429378964481812897e-01 -1.284998863998747742e+00 2.000000000000000000e+00
1.560746056017973116e-01 5.462995994369784114e+00 1.529411011752941896e+01 3.232641244222559458e-04 5.400906237673939181e-01 8.745344784545892617e+04 6.062181416996708867e+04 -6.970623655529463170e-01 -1.510785540595038334e+00 2.000000000000000000e+00
1.231388995714259582e-01 5.838086970517121443e+00 1.558386466102534129e+01 3.353259195897166363e-04 5.036133885150393397e-01 7.620610902913409518e+04 5.794433193122549710e+04 -4.926054718928781773e-01 -1.752862243177921719e+00 2.000000000000000000e+00
2.788122880383678837e-01 3.835283377381716097e+00 1.078372550549658726e+01 5.443406614864235073e-04 6.855189843298619135e-01 1.146496031799315970e+05 6.203314423545028694e+04 -1.223094232243412627e+00 -4.978424009387212301e-01 2.000000000000000000e+00
1.490280743413566478e-01 5.173467640961587399e+00 9.990529771781147872e+00 5.359057165266571665e-04 5.579691574832377210e-01 8.486653828938798688e+04 5.963232673014462489e+04 -6.455379963453780068e-01 -1.578019168592112331e+00 2.000000000000000000e+00
2.092582483462811782e-01 4.907904189874877865e+00 1.236111190517546454e+01 4.144594184260154044e-04 5.846360827059747800e-01 1.032295894470214407e+05 6.276816114474714414e+04 -9.965262183410912300e-01 -1.005018357500911730e+00 2.000000000000000000e+00
2.637711404550513450e-01 3.863419364213843910e+00 9.006454973583633006e+00 7.434815623538243608e-04 6.702773114706649382e-01 1.128234294026692223e+05 6.204919855375769112e+04 -1.183348868734229287e+00 -5.940174628430905379e-01 2.000000000000000000e+00
3.420139116286327607e-01 3.243756684804038670e+00 8.839612745155246643e+00 6.640353729053898296e-04 7.373900942687515725e-01 1.247205882263182866e+05 6.123816430199665047e+04 -1.452638138624755770e+00 1.169666297746059236e-01 2.000000000000000000e+00
2.900476994821637455e-01 4.066900911370391114e+00 8.230025908863575879e+00 3.977958124181556394e-04 6.796098339709912839e-01 1.169695747172037227e+05 6.250936246870299510e+04 -1.279543758281080024e+00 -3.589586846484751348e-01 2.000000000000000000e+00
1.045258270553315189e-01 6.054761444506087109e+00 1.638854335570607645e+01 3.673827289547551469e-04 4.742868185595763841e-01 6.815893878173823759e+04 5.540263408478791098e+04 -3.460930883596590180e-01 -1.874691724518402935e+00 2.000000000000000000e+00
2.727724967426362057e-01 4.103619326402990986e+00 7.320184961117521816e+00 6.581323087891862442e-04 6.652756307140168524e-01 1.145380044555663626e+05 6.245932946854797774e+04 -1.225019112194523974e+00 -4.946658723345787045e-01 2.000000000000000000e+00
2.669170660758143909e-01 3.957010347128697703e+00 1.207557444461710006e+01 4.946707702613669560e-04 6.659958180364285996e-01 1.154333798828124418e+05 6.234134370685635076e+04 -1.243167840504372679e+00 -4.501769017108649962e-01 2.000000000000000000e+00
2.956779346580917789e-01 3.784739611053356878e+00 9.583021314215994124e+00 5.285971926117252967e-04 6.939454060960422721e-01 1.197439332682290988e+05 6.217056184254302207e+04 -1.340081048515312068e+00 -1.999591832910865286e-01 2.000000000000000000e+00
3.087896511591715076e-01 3.483155852899797011e+00 1.080380810343782194e+01 5.394138299914084814e-04 7.113568841756757744e-01 1.221653688761392696e+05 6.165729710280888685e+04 -1.392743833386148378e+00 -5.500909122538111262e-02 2.000000000000000000e+00
1.533618269040962767e-01 5.693946562231777975e+00 1.411132600360602751e+01 3.172123700117558112e-04 5.292411566663184352e-01 8.554099759928381536e+04 6.043527389226653031e+04 -6.639239136911062600e-01 -1.556347510100530851e+00 2.000000000000000000e+00
1.621902064370465413e-01 5.378577068134226202e+00 1.774916645916821167e+01 2.972224126209896031e-04 5.442473233809556055e-01 8.882941382853183313e+04 6.076013272603162477e+04 -7.213452850370900560e-01 -1.475880184934460715e+00 2.000000000000000000e+00
2.366477367166725521e-01 4.465497412036096847e+00 1.723583930313869317e+01 3.288499340872389626e-04 6.286646671960649524e-01 1.080609218037922692e+05 6.250338949696629425e+04 -1.089201578407759108e+00 -8.093934259349295779e-01 2.000000000000000000e+00
2.656001425394107773e-01 4.043853824574781264e+00 8.148812420378783727e+00 8.239562471148013153e-04 6.595600041372615685e-01 1.143429535420735338e+05 6.250463996405101352e+04 -1.220549784455891684e+00 -5.068310449344477497e-01 2.000000000000000000e+00
1.976771148162893288e-01 5.163243117621763467e+00 1.049958485880962300e+01 4.016703669657070296e-04 5.700830366276532502e-01 9.973767782592770527e+04 6.264203251530324633e+04 -9.298705556164478248e-01 -1.133761491595431714e+00 2.000000000000000000e+00
2.080087362335710233e-01 4.637751158403942142e+00 1.495733143541055554e+01 3.442961690099867358e-04 6.125198349526035368e-01 1.017377628580728633e+05 6.204778621287424176e+04 -9.619217417454398733e-01 -1.069739231884113684e+00 2.000000000000000000e+00
3.206887820351995710e-01 3.651527214210945615e+00 1.203205184852157217e+01 4.345598216381270536e-04 6.981422724017416481e-01 1.249449250183105178e+05 6.185632434857737098e+04 -1.464828805970340042e+00 1.493614424301825672e-01 2.000000000000000000e+00
3.325561519346199035e-01 3.277097214011429394e+00 8.935655188198092347e+00 6.536808196426360058e-04 7.287112369949678703e-01 1.237669337870279560e+05 6.130423503226439789e+04 -1.429193686825888099e+00 4.952565639937223096e-02 2.000000000000000000e+00
3.935154805002165079e-01 2.906703317401454267e+00 7.788890334108682367e+00 9.734965783533344264e-04 7.556364552566749992e-01 1.333629248657227436e+05 6.040241565554205590e+04 -1.681173142380740559e+00 8.299628452254430577e-01 2.000000000000000000e+00
2.148158557273083802e-01 4.286704560963978672e+00 1.146695234977384104e+01 5.889574366177321822e-04 6.279428041641997860e-01 1.025332765197753324e+05 6.158728609373318614e+04 -9.726753009836834885e-01 -1.046833905513389951e+00 2.000000000000000000e+00
1.707659133479978997e-01 5.416306918080556976e+00 1.466035912192771917e+01 3.334480657140207827e-04 5.503192556406871772e-01 9.052494188435867545e+04 6.110049345595523482e+04 -7.533657332603355128e-01 -1.428471849477075617e+00 2.000000000000000000e+00
1.201430320900118698e-01 6.227901104596259785e+00 2.785302281762798771e+01 1.987060072802192246e-04 4.767828127288067375e-01 7.578600110880527063e+04 5.828296483085097861e+04 -4.888373386039264745e-01 -1.758719039350781888e+00 2.000000000000000000e+00
1.662082042653980352e-01 5.110906786156793835e+00 1.368061441871499184e+01 4.075305369606891520e-04 5.633195879246033488e-01 9.090099215698236367e+04 6.086672988944352983e+04 -7.574985354864782749e-01 -1.421344543932638649e+00 2.000000000000000000e+00
2.764367241709611567e-01 3.793275542607196904e+00 1.228828489348191155e+01 5.104719883472030959e-04 6.849683912104448380e-01 1.160894241638183157e+05 6.203749857192478521e+04 -1.254810229910329422e+00 -4.197906094720527115e-01 2.000000000000000000e+00
9.503268266806290387e-02 6.567472276170919443e+00 1.889865718094117497e+01 2.313857691259122047e-04 4.461559883067495735e-01 6.484423722330731107e+04 5.488714736163181078e+04 -2.907284332898367740e-01 -1.913119352337403933e+00 2.000000000000000000e+00
1.939598376200274421e-01 4.876060646417202271e+00 1.777042573696123640e+01 2.764609486608205456e-04 5.898761305972455293e-01 9.753638820393876813e+04 6.169554693052615767e+04 -8.813895023267266371e-01 -1.218123323950872861e+00 2.000000000000000000e+00
2.115108555924911649e-01 4.563182789533962058e+00 1.438513428822068185e+01 4.107025366444108064e-04 6.098019633569371489e-01 1.027676994120279560e+05 6.213040382596211566e+04 -9.819322341764031847e-01 -1.031242890925016420e+00 2.000000000000000000e+00
1.994479840043485996e-01 4.829221158799667180e+00 1.034935166842232768e+01 4.849917159661991883e-04 5.902541617508342275e-01 1.000047542114257376e+05 6.214017826936180791e+04 -9.302717174069242700e-01 -1.130828480269641556e+00 2.000000000000000000e+00
2.080112433576523645e-01 4.715541775476362218e+00 1.315107086816711757e+01 4.302349959432721764e-04 6.003362108135554820e-01 1.027847855224608793e+05 6.242570621502760332e+04 -9.848329109575606477e-01 -1.026973711337008099e+00 2.000000000000000000e+00
9.880924725926301666e-02 6.474852375145103700e+00 1.811929466674738975e+01 2.363237173020048287e-04 4.574575384708390868e-01 6.532928318277996004e+04 5.467783329659675655e+04 -2.969316147588353938e-01 -1.906756687914860526e+00 2.000000000000000000e+00
1.084995234480197190e-01 6.249209797328412641e+00 1.749905304523170102e+01 2.395227503642013175e-04 4.751595712923009640e-01 6.988231168619786331e+04 5.637457148167173000e+04 -3.809338074227416326e-01 -1.851456260133788723e+00 2.000000000000000000e+00
2.002550527041475348e-01 5.088296035982411425e+00 1.232832672781801620e+01 3.972469561222627139e-04 5.785418060903456672e-01 1.009932992553710355e+05 6.270788371118820942e+04 -9.537916897788083492e-01 -1.088566417305439460e+00 2.000000000000000000e+00
2.239982844911662108e-01 4.676195235550629548e+00 1.154106641845184100e+01 3.928888731250671298e-04 6.111962240272796887e-01 1.061096914672851271e+05 6.278736621168533020e+04 -1.052682923810918547e+00 -8.894264803579381429e-01 2.000000000000000000e+00
1.714774609215309331e-01 5.358857591727785419e+00 8.910788683348041417e+00 4.578710045839973469e-04 5.578902909579661618e-01 9.087803511555987643e+04 6.127412662742640532e+04 -7.607075924126992517e-01 -1.418159153396337802e+00 2.000000000000000000e+00
2.352259356545643998e-01 4.310153658308614411e+00 1.160383031349318905e+01 4.422988553737130894e-04 6.399129213739620514e-01 1.075074265950520494e+05 6.232122210184031428e+04 -1.076231338153658124e+00 -8.369658399843209473e-01 2.000000000000000000e+00
9.914853022153451156e-02 6.352010750853837706e+00 1.612994318151747919e+01 3.150791735648384557e-04 4.630914821594097619e-01 6.612854442342123366e+04 5.499610785428693634e+04 -3.115629227387359257e-01 -1.898560789247317526e+00 2.000000000000000000e+00
2.513226363467020996e-01 4.320710953936967691e+00 8.086241810841178435e+00 6.254873018903577475e-04 6.369477762041667601e-01 1.126532082722981286e+05 6.278262674474684900e+04 -1.187016808011167823e+00 -5.881554941566640160e-01 2.000000000000000000e+00
1.836165336708707463e-01 5.210092111641627888e+00 1.265245119110653427e+01 3.455639425623684992e-04 5.684923797808253410e-01 9.372264516194655153e+04 6.148728658059754525e+04 -8.118888678420067562e-01 -1.336662740799201110e+00 2.000000000000000000e+00
1.808923583207124319e-01 4.991448151849231074e+00 2.044045473414293568e+01 2.696739746674522206e-04 5.731453357854087161e-01 9.390370988972976920e+04 6.107276182575739222e+04 -8.117979235824409612e-01 -1.334363117034433222e+00 2.000000000000000000e+00
2.030932831591268084e-01 4.868544525396849565e+00 1.315041729819741967e+01 4.170837026821729780e-04 5.845425546587147414e-01 1.021091010538736446e+05 6.260142290840694477e+04 -9.736411680469286845e-01 -1.049781879681179309e+00 2.000000000000000000e+00
1.029138179015579996e-01 6.067681629866481963e+00 1.544902377252289938e+01 3.803825534502807402e-04 4.754558827469775317e-01 6.780368684895827028e+04 5.531205738481329900e+04 -3.399447902069051008e-01 -1.878913077996210212e+00 2.000000000000000000e+00
1.744207020743246128e-01 5.096875825823061312e+00 8.880262770859880916e+00 5.439618825328093425e-04 5.664340625610844171e-01 9.248371750895175501e+04 6.123141376751055213e+04 -7.876836609330922778e-01 -1.375597429650651904e+00 2.000000000000000000e+00
2.801462609725294817e-01 3.692122250727286836e+00 1.060391107225399132e+01 6.234627518264093714e-04 6.831826032582334340e-01 1.173523095906574745e+05 6.195727513064252707e+04 -1.282502632065886994e+00 -3.494122058913116113e-01 2.000000000000000000e+00
1.534148168230741738e-01 5.534429663328185534e+00 1.520732864349710134e+01 2.867024492449073408e-04 5.375026791475979726e-01 8.598936800130202028e+04 6.037571432289930090e+04 -6.707234996964417384e-01 -1.546761425136204959e+00 2.000000000000000000e+00
2.270928987109532837e-01 4.472770935885939103e+00 1.532359750622940098e+01 3.704289618909128523e-04 6.248089866562201999e-01 1.063165558675129578e+05 6.239192221702758252e+04 -1.053338211765057375e+00 -8.859589240592140591e-01 2.000000000000000000e+00
2.089287159999219656e-01 4.614510326902554915e+00 1.887135909829119385e+01 3.172907096138790706e-04 6.119621786647758688e-01 1.014567538146972220e+05 6.200920486375703331e+04 -9.562083785870645336e-01 -1.080749602364076800e+00 2.000000000000000000e+00
